261, 153
32, 330
51, 343
233, 91
150, 322
90, 42
250, 31
351, 83
141, 273
172, 340
180, 201
50, 91
262, 270
303, 271
363, 322
303, 42
160, 222
132, 160
151, 173
233, 212
393, 201
30, 112
250, 152
291, 153
62, 330
2, 50
81, 343
103, 102
263, 91
53, 281
180, 322
120, 42
171, 273
243, 112
41, 163
13, 101
333, 271
393, 322
333, 42
263, 212
92, 330
111, 343
133, 102
83, 281
201, 273
13, 222
71, 163
163, 102
113, 281
302, 180
11, 233
360, 121
392, 110
290, 62
240, 241
110, 131
360, 242
332, 180
390, 121
202, 70
260, 11
193, 21
320, 62
110, 252
270, 241
292, 0
311, 13
140, 131
10, 21
390, 242
323, 252
362, 180
381, 193
193, 142
210, 311
232, 70
22, 260
283, 301
223, 21
350, 62
80, 201
140, 252
300, 241
322, 0
341, 13
112, 190
10, 142
170, 131
271, 183
100, 301
40, 21
293, 201
100, 72
141, 73
353, 252
223, 142
80, 322
262, 70
281, 83
52, 260
93, 32
253, 21
313, 301
170, 252
211, 253
371, 13
142, 190
183, 191
40, 142
293, 322
301, 183
12, 80
53, 81
130, 301
70, 21
130, 72
383, 252
171, 73
0, 191
253, 142
82, 260
101, 273
183, 312
123, 32
343, 301
241, 253
53, 202
213, 191
70, 142
42, 80
83, 81
201, 73
13, 22
213, 312
153, 32
83, 202
113, 81
21, 263
370, 151
240, 41
113, 202
252, 280
310, 221
370, 272
122, 170
342, 210
240, 162
190, 341
212, 100
231, 113
110, 52
270, 41
330, 92
60, 231
352, 110
310, 342
282, 280
222, 0
323, 52
340, 221
20, 51
273, 231
152, 170
372, 210
210, 111
143, 121
270, 162
22, 60
220, 341
242, 100
261, 113
32, 290
140, 52
300, 41
90, 231
131, 3
20, 172
340, 342
312, 280
293, 1
331, 293
353, 52
50, 51
143, 242
182, 170
173, 121
300, 162
30, 301
52, 60
250, 341
272, 100
291, 113
62, 290
103, 291
43, 11
170, 52
103, 62
120, 231
221, 283
161, 3
293, 122
243, 301
50, 172
91, 173
383, 52
173, 242
43, 132
203, 121
82, 60
101, 73
92, 290
133, 291
73, 11
133, 62
251, 283
191, 3
3, 181
121, 173
203, 242
73, 132
3, 302
163, 291
33, 181
290, 251
21, 63
380, 181
33, 302
360, 202
373, 141
63, 181
320, 251
380, 302
342, 10
361, 23
190, 141
60, 31
280, 71
373, 262
63, 302
390, 202
260, 321
193, 331
260, 92
72, 270
292, 310
273, 31
190, 262
350, 251
372, 10
391, 23
162, 200
181, 213
60, 152
220, 141
280, 192
10, 331
32, 90
51, 103
90, 31
150, 82
172, 100
273, 152
223, 331
331, 93
102, 270
322, 310
143, 42
303, 31
363, 311
363, 82
93, 221
220, 262
192, 200
211, 213
90, 152
250, 141
40, 331
62, 90
81, 103
120, 31
180, 82
243, 101
303, 152
0, 151
93, 342
132, 270
151, 283
173, 42
333, 31
393, 311
393, 82
123, 221
250, 262
2, 160
241, 213
120, 152
53, 162
70, 331
92, 90
111, 103
243, 222
0, 272
41, 273
13, 211
333, 152
123, 342
203, 42
153, 221
23, 111
83, 162
13, 332
71, 273
153, 342
23, 232
113, 162
360, 2
392, 220
380, 102
110, 241
330, 281
110, 12
200, 171
310, 302
323, 241
390, 2
193, 131
210, 71
292, 110
311, 123
22, 20
283, 61
140, 241
200, 292
140, 12
181, 13
222, 310
10, 131
230, 171
340, 302
381, 303
100, 61
193, 252
353, 241
210, 192
223, 131
283, 182
80, 82
322, 110
341, 123
112, 300
52, 20
93, 21
131, 313
313, 61
10, 252
170, 241
230, 292
192, 0
211, 13
1, 203
40, 131
293, 311
100, 182
293, 82
130, 61
223, 252
383, 241
281, 193
93, 142
253, 131
313, 182
43, 321
371, 123
142, 300
82, 20
161, 313
123, 21
183, 72
343, 61
40, 252
241, 13
12, 190
31, 203
70, 131
130, 182
0, 72
253, 252
123, 142
343, 182
73, 321
191, 313
153, 21
213, 72
70, 252
3, 262
42, 190
61, 203
21, 23
153, 142
23, 32
33, 262
382, 150
252, 40
370, 261
370, 32
330, 81
63, 262
310, 102
342, 320
282, 40
323, 41
361, 333
212, 210
231, 223
330, 202
60, 341
60, 112
321, 153
352, 220
200, 92
150, 271
222, 110
20, 161
273, 341
340, 102
372, 320
312, 40
353, 41
391, 333
143, 231
363, 271
160, 171
242, 210
261, 223
233, 161
90, 341
30, 61
90, 112
131, 113
351, 153
103, 51
230, 92
20, 282
180, 271
1, 3
221, 43
50, 161
303, 341
243, 61
160, 292
383, 41
173, 231
233, 282
393, 271
30, 182
272, 210
291, 223
2, 120
43, 121
103, 172
263, 161
120, 341
161, 113
133, 51
50, 282
31, 3
243, 182
251, 43
333, 341
43, 242
203, 231
263, 282
73, 121
133, 172
191, 113
3, 62
163, 51
61, 3
290, 11
73, 242
163, 172
302, 250
11, 303
33, 62
360, 191
290, 132
380, 291
320, 11
360, 312
332, 250
373, 251
373, 22
63, 62
390, 191
202, 140
260, 81
320, 132
361, 133
72, 30
190, 22
350, 11
280, 181
390, 312
362, 250
150, 71
260, 202
232, 140
350, 132
80, 271
162, 310
102, 30
181, 323
391, 133
363, 71
280, 302
220, 22
10, 212
51, 213
271, 253
150, 192
141, 143
172, 210
180, 71
262, 140
303, 141
363, 192
93, 331
160, 92
192, 310
132, 30
211, 323
151, 43
233, 82
393, 71
183, 261
250, 22
40, 212
81, 213
301, 253
53, 151
180, 192
171, 143
0, 261
41, 33
333, 141
393, 192
123, 331
241, 323
263, 82
53, 272
213, 261
70, 212
111, 213
83, 151
201, 143
13, 321
13, 92
71, 33
153, 331
23, 221
83, 272
113, 151
302, 50
11, 103
370, 221
240, 111
23, 342
110, 1
113, 272
310, 291
332, 50
370, 342
122, 240
323, 1
240, 232
110, 122
270, 111
200, 281
140, 1
200, 52
323, 122
340, 291
362, 50
381, 63
152, 240
193, 12
353, 1
210, 181
270, 232
311, 233
22, 130
283, 171
80, 71
140, 122
300, 111
112, 60
230, 281
170, 1
10, 12
230, 52
271, 53
100, 171
293, 71
353, 122
210, 302
182, 240
283, 292
223, 12
383, 1
80, 192
300, 232
341, 233
52, 130
313, 171
170, 122
1, 313
142, 60
183, 61
40, 12
293, 192
301, 53
91, 243
130, 171
383, 122
253, 241
313, 292
253, 12
371, 233
82, 130
101, 143
183, 182
343, 171
31, 313
213, 61
3, 251
130, 292
70, 12
121, 243
343, 292
213, 182
61, 313
33, 251
290, 321
21, 133
370, 21
382, 260
63, 251
252, 150
310, 91
370, 142
122, 40
320, 321
342, 80
361, 93
240, 32
190, 211
60, 101
373, 332
150, 31
282, 150
72, 340
340, 91
273, 101
152, 40
350, 321
190, 332
372, 80
391, 93
162, 270
270, 32
60, 222
220, 211
321, 263
352, 330
32, 160
90, 101
150, 152
20, 271
20, 42
273, 222
312, 150
331, 163
102, 340
143, 112
303, 101
160, 281
220, 332
261, 333
182, 40
233, 271
300, 32
30, 171
90, 222
250, 211
351, 263
62, 160
103, 161
120, 101
180, 152
221, 153
50, 271
243, 171
50, 42
91, 43
303, 222
132, 340
173, 112
333, 101
30, 292
250, 332
291, 333
2, 230
103, 282
43, 2
263, 271
120, 222
92, 160
133, 161
243, 292
251, 153
3, 51
41, 343
13, 281
121, 43
333, 222
203, 112
133, 282
73, 2
163, 161
71, 343
33, 51
290, 121
380, 51
163, 282
360, 301
360, 72
392, 290
373, 11
63, 51
290, 242
320, 121
380, 172
110, 311
190, 11
373, 132
390, 301
390, 72
202, 250
260, 191
193, 201
320, 242
72, 140
292, 180
311, 193
190, 132
350, 121
140, 311
162, 70
181, 83
220, 11
280, 62
10, 201
193, 322
100, 131
232, 250
273, 22
223, 201
350, 242
102, 140
322, 180
341, 193
93, 91
220, 132
10, 322
170, 311
192, 70
211, 83
250, 11
40, 201
100, 252
141, 253
223, 322
130, 131
262, 250
281, 263
303, 22
93, 212
253, 201
0, 21
132, 140
151, 153
371, 193
123, 91
250, 132
183, 142
40, 322
241, 83
12, 260
53, 261
120, 22
53, 32
70, 201
130, 252
171, 253
0, 142
41, 143
253, 322
13, 81
333, 22
123, 212
153, 91
70, 322
42, 260
83, 261
83, 32
201, 253
13, 202
71, 143
153, 212
23, 102
113, 261
113, 32
370, 331
310, 51
392, 90
122, 0
240, 221
110, 111
330, 151
200, 41
310, 172
323, 111
240, 342
340, 51
212, 280
152, 0
231, 293
193, 1
110, 232
270, 221
330, 272
352, 290
140, 111
200, 162
222, 180
10, 1
323, 232
230, 41
20, 231
340, 172
381, 173
193, 122
353, 111
210, 291
143, 301
270, 342
210, 62
22, 240
242, 280
182, 0
223, 1
261, 293
283, 52
140, 232
300, 221
112, 170
131, 183
170, 111
230, 162
1, 73
40, 1
293, 181
100, 52
353, 232
50, 231
91, 3
223, 122
383, 111
173, 301
300, 342
281, 63
52, 240
272, 280
93, 12
291, 293
253, 1
313, 52
43, 191
170, 232
103, 242
142, 170
161, 183
293, 302
12, 60
31, 73
70, 1
3, 11
130, 52
383, 232
121, 3
253, 122
43, 312
203, 301
82, 240
101, 253
123, 12
343, 52
73, 191
133, 242
191, 183
3, 132
42, 60
61, 73
33, 11
73, 312
153, 12
33, 132
382, 20
63, 11
21, 243
373, 321
63, 132
260, 151
342, 190
361, 203
72, 100
190, 321
212, 80
231, 93
330, 72
60, 211
280, 251
321, 23
352, 90
150, 141
260, 272
20, 31
273, 211
372, 190
391, 203
102, 100
143, 101
363, 141
60, 332
220, 321
160, 41
242, 80
261, 93
32, 270
51, 283
233, 31
90, 211
150, 262
351, 23
172, 280
20, 152
273, 332
180, 141
331, 273
50, 31
143, 222
303, 211
363, 262
160, 162
132, 100
173, 101
233, 152
393, 141
90, 332
250, 321
30, 52
272, 80
291, 93
62, 270
81, 283
103, 42
263, 31
120, 211
180, 262
243, 281
50, 152
303, 332
243, 52
0, 331
41, 103
173, 222
333, 211
393, 262
2, 340
43, 112
203, 101
263, 152
120, 332
53, 342
92, 270
111, 283
133, 42
333, 332
71, 103
203, 222
73, 112
23, 291
83, 342
163, 42
302, 120
11, 173
360, 61
290, 2
380, 161
113, 342
360, 182
332, 120
373, 121
390, 61
202, 10
380, 282
320, 2
110, 192
280, 51
390, 182
362, 120
193, 311
260, 72
210, 251
292, 290
232, 10
311, 303
22, 200
283, 241
350, 2
80, 141
181, 193
280, 172
10, 311
10, 82
51, 83
271, 123
100, 241
141, 13
172, 80
223, 311
80, 262
322, 290
262, 10
341, 303
281, 23
363, 62
93, 201
52, 200
313, 241
192, 180
211, 193
183, 131
40, 311
40, 82
81, 83
293, 262
301, 123
53, 21
130, 241
171, 13
0, 131
93, 322
253, 311
371, 303
82, 200
393, 62
123, 201
183, 252
343, 241
241, 193
53, 142
213, 131
70, 311
70, 82
111, 83
83, 21
0, 252
201, 13
123, 322
153, 201
213, 252
23, 91
83, 142
113, 21
21, 203
370, 91
153, 322
23, 212
382, 330
113, 142
252, 220
310, 161
370, 212
122, 110
240, 102
212, 40
330, 261
330, 32
200, 151
310, 282
282, 220
323, 221
340, 161
152, 110
210, 51
270, 102
22, 0
60, 292
242, 40
283, 41
321, 333
200, 272
222, 290
230, 151
20, 341
340, 282
312, 220
353, 221
210, 172
182, 110
283, 162
80, 62
233, 341
300, 102
30, 241
90, 292
131, 293
52, 0
272, 40
313, 41
351, 333
103, 231
230, 272
1, 183
221, 223
293, 62
50, 341
243, 241
91, 113
383, 221
313, 162
43, 301
2, 300
43, 72
263, 341
82, 0
161, 293
101, 13
343, 41
133, 231
31, 183
251, 223
3, 121
121, 113
343, 162
73, 301
73, 72
191, 293
213, 52
3, 242
163, 231
61, 183
33, 121
290, 191
21, 3
33, 242
382, 130
373, 81
63, 121
252, 20
290, 312
370, 12
320, 191
190, 81
373, 202
63, 242
202, 320
260, 261
282, 20
361, 313
320, 312
72, 210
190, 202
350, 191
162, 140
60, 92
220, 81
280, 132
321, 133
32, 30
150, 251
150, 22
232, 320
273, 92
350, 312
391, 313
331, 33
102, 210
312, 20
363, 251
160, 151
220, 202
192, 140
233, 141
30, 41
90, 92
250, 81
351, 133
62, 30
103, 31
141, 323
180, 251
180, 22
221, 23
262, 320
303, 321
243, 41
303, 92
160, 272
132, 210
151, 223
233, 262
393, 251
30, 162
250, 202
2, 100
263, 141
53, 331
120, 92
92, 30
133, 31
171, 323
243, 162
251, 23
41, 213
13, 151
333, 321
333, 92
263, 262
83, 331
201, 323
163, 31
13, 272
71, 213
23, 172
163, 152
113, 331
302, 230
11, 283
360, 171
392, 160
290, 112
240, 291
380, 42
110, 181
332, 230
373, 2
390, 171
323, 181
202, 120
193, 71
320, 112
110, 302
270, 291
292, 50
311, 63
190, 2
140, 181
200, 232
10, 71
323, 302
362, 230
381, 243
193, 192
100, 1
353, 181
232, 120
22, 310
223, 71
350, 112
80, 251
140, 302
80, 22
300, 291
322, 50
341, 63
112, 240
220, 2
10, 192
170, 181
230, 232
271, 233
40, 71
293, 251
100, 122
141, 123
353, 302
223, 192
383, 181
130, 1
262, 120
281, 133
52, 310
93, 82
253, 71
170, 302
151, 23
371, 63
142, 240
183, 241
250, 2
183, 12
40, 192
301, 233
12, 130
53, 131
70, 71
130, 122
171, 123
383, 302
0, 12
253, 192
82, 310
101, 323
123, 82
213, 241
213, 12
70, 192
42, 130
83, 131
201, 123
13, 72
153, 82
113, 131
21, 313
370, 201
240, 91
330, 21
252, 330
310, 271
370, 322
310, 42
122, 220
342, 260
361, 273
240, 212
212, 150
231, 163
270, 91
330, 142
60, 281
352, 160
200, 32
150, 211
282, 330
222, 50
323, 102
340, 271
273, 281
20, 101
340, 42
381, 43
152, 220
372, 260
391, 273
143, 171
270, 212
242, 150
261, 163
32, 340
300, 91
90, 281
112, 40
150, 332
131, 53
230, 32
20, 222
312, 330
293, 51
331, 343
353, 102
143, 292
303, 281
50, 101
182, 220
173, 171
300, 212
30, 122
272, 150
291, 163
62, 340
103, 341
43, 61
170, 102
103, 112
120, 281
142, 40
221, 333
161, 53
180, 332
50, 222
91, 223
383, 102
173, 292
333, 281
43, 182
203, 171
101, 123
92, 340
133, 341
73, 61
133, 112
251, 333
191, 53
3, 231
3, 2
121, 223
203, 292
73, 182
163, 341
163, 112
33, 231
33, 2
360, 131
290, 301
380, 231
360, 252
373, 191
63, 231
63, 2
390, 131
202, 80
320, 301
260, 21
342, 60
361, 73
190, 191
60, 81
373, 312
280, 121
390, 252
150, 11
260, 142
72, 320
273, 81
190, 312
350, 301
372, 60
391, 73
162, 250
181, 263
363, 11
220, 191
280, 242
32, 140
51, 153
90, 81
150, 132
100, 311
141, 83
172, 150
20, 22
180, 11
273, 202
331, 143
102, 320
143, 92
303, 81
363, 132
93, 271
220, 312
160, 32
192, 250
211, 263
233, 22
393, 11
250, 191
62, 140
81, 153
120, 81
53, 91
180, 132
130, 311
171, 83
50, 22
303, 202
0, 201
132, 320
151, 333
173, 92
333, 81
393, 132
123, 271
250, 312
241, 263
263, 22
120, 202
53, 212
92, 140
111, 153
83, 91
0, 322
41, 323
13, 261
333, 202
203, 92
153, 271
23, 161
83, 212
113, 91
71, 323
11, 43
23, 282
380, 31
113, 212
360, 52
310, 231
392, 270
122, 180
380, 152
110, 291
330, 331
110, 62
200, 221
323, 291
390, 52
340, 231
381, 3
152, 180
193, 181
210, 121
292, 160
311, 173
22, 70
283, 111
140, 291
80, 11
200, 342
140, 62
181, 63
10, 181
230, 221
193, 302
100, 111
353, 291
293, 11
210, 242
182, 180
223, 181
283, 232
80, 132
322, 160
341, 173
52, 70
93, 71
313, 111
170, 291
230, 342
170, 62
211, 63
1, 253
183, 1
40, 181
100, 232
293, 132
91, 183
130, 111
223, 302
383, 291
281, 243
0, 1
93, 192
253, 181
313, 232
371, 173
82, 70
123, 71
183, 122
343, 111
241, 63
12, 240
31, 253
53, 12
213, 1
70, 181
3, 191
130, 232
121, 183
0, 122
253, 302
123, 192
343, 232
153, 71
213, 122
3, 312
42, 240
61, 253
83, 12
33, 191
21, 73
153, 192
33, 312
382, 200
113, 12
63, 191
252, 90
310, 31
370, 82
342, 20
330, 131
60, 41
63, 312
310, 152
260, 331
282, 90
72, 280
340, 31
212, 260
231, 273
372, 20
330, 252
60, 162
321, 203
352, 270
150, 321
90, 41
222, 160
230, 21
20, 211
340, 152
312, 90
331, 103
102, 280
143, 281
210, 42
143, 52
363, 321
160, 221
242, 260
261, 273
283, 32
233, 211
30, 111
90, 162
131, 163
351, 203
103, 101
20, 332
180, 321
120, 41
1, 53
221, 93
50, 211
243, 111
160, 342
132, 280
173, 281
233, 332
393, 321
173, 52
30, 232
272, 260
291, 273
2, 170
313, 32
43, 171
103, 222
263, 211
120, 162
161, 163
133, 101
50, 332
31, 53
243, 232
251, 93
41, 283
43, 292
203, 281
263, 332
343, 32
73, 171
133, 222
191, 163
3, 112
163, 101
61, 53
71, 283
290, 61
73, 292
163, 222
302, 300
33, 112
360, 241
382, 0
290, 182
380, 341
320, 61
380, 112
332, 300
373, 301
373, 72
63, 112
390, 241
202, 190
260, 131
320, 182
72, 80
292, 120
190, 72
350, 61
162, 10
280, 231
280, 2
10, 141
321, 3
362, 300
260, 252
232, 190
350, 182
80, 321
102, 80
322, 120
363, 121
160, 21
220, 72
10, 262
51, 263
192, 10
233, 11
271, 303
40, 141
351, 3
141, 193
172, 260
180, 121
262, 190
281, 203
363, 242
160, 142
93, 152
132, 80
151, 93
233, 132
393, 121
183, 311
250, 72
40, 262
81, 263
263, 11
301, 303
53, 201
70, 141
171, 193
243, 32
0, 311
41, 83
13, 21
393, 242
123, 152
263, 132
53, 322
213, 311
70, 262
111, 263
83, 201
201, 193
13, 142
71, 83
153, 152
23, 271
83, 322
23, 42
113, 201
302, 100
11, 153
370, 271
392, 30
240, 161
110, 51
113, 322
310, 341
332, 100
122, 290
323, 51
240, 282
212, 220
110, 172
270, 161
330, 212
200, 331
140, 51
200, 102
323, 172
340, 341
362, 100
381, 113
152, 290
193, 62
353, 51
210, 231
270, 282
22, 180
242, 220
283, 221
80, 121
140, 172
300, 161
112, 110
10, 62
170, 51
230, 331
230, 102
271, 103
1, 13
293, 121
353, 172
182, 290
283, 342
223, 62
383, 51
80, 242
300, 282
281, 3
52, 180
272, 220
313, 221
170, 172
142, 110
183, 111
40, 62
293, 242
301, 103
12, 0
91, 293
31, 13
383, 172
313, 342
253, 62
43, 252
82, 180
101, 193
343, 221
213, 111
3, 301
70, 62
42, 0
121, 293
61, 13
343, 342
73, 252
213, 232
33, 301
21, 183
370, 71
382, 310
373, 261
63, 301
252, 200
370, 192
342, 130
361, 143
240, 82
190, 261
212, 20
231, 33
330, 12
60, 151
352, 30
150, 81
282, 200
273, 151
372, 130
391, 143
162, 320
143, 41
270, 82
60, 272
220, 261
242, 20
321, 313
280, 312
32, 210
261, 33
90, 151
150, 202
20, 92
180, 81
273, 272
312, 200
331, 213
143, 162
303, 151
160, 331
192, 320
233, 321
173, 41
300, 82
233, 92
30, 221
90, 272
250, 261
272, 20
351, 313
291, 33
62, 210
103, 211
120, 151
180, 202
221, 203
243, 221
50, 92
303, 272
173, 162
333, 151
30, 342
2, 280
43, 52
263, 321
203, 41
263, 92
120, 272
92, 210
133, 211
243, 342
251, 203
13, 331
333, 272
203, 162
73, 52
163, 211
11, 113
360, 1
290, 171
380, 101
163, 332
360, 122
392, 340
373, 61
290, 292
390, 1
320, 171
380, 222
190, 61
373, 182
390, 122
202, 300
193, 251
320, 292
260, 12
292, 230
311, 243
190, 182
350, 171
162, 120
181, 133
220, 61
280, 112
10, 251
32, 10
51, 23
150, 2
100, 181
232, 300
172, 20
273, 72
223, 251
350, 292
80, 202
322, 230
341, 243
363, 2
93, 141
220, 182
192, 120
211, 133
250, 61
183, 71
40, 251
62, 10
141, 303
81, 23
100, 302
180, 2
130, 181
262, 300
281, 313
303, 72
0, 71
93, 262
253, 251
151, 203
371, 243
393, 2
123, 141
250, 182
183, 192
241, 133
12, 310
53, 311
53, 82
213, 71
70, 251
130, 302
171, 303
92, 10
111, 23
0, 192
13, 131
333, 72
123, 262
153, 141
213, 192
42, 310
83, 311
23, 31
83, 82
201, 303
13, 252
153, 262
23, 152
113, 311
113, 82
310, 101
392, 140
122, 50
240, 271
240, 42
110, 161
330, 201
200, 91
310, 222
323, 161
340, 101
212, 330
152, 50
231, 343
193, 51
270, 271
330, 322
270, 42
311, 43
352, 340
140, 161
200, 212
222, 230
230, 91
323, 282
20, 281
340, 222
381, 223
193, 172
353, 161
210, 112
242, 330
182, 50
261, 343
223, 51
283, 102
140, 282
300, 271
80, 2
300, 42
341, 43
112, 220
131, 233
170, 161
103, 171
230, 212
1, 123
293, 231
100, 102
353, 282
293, 2
50, 281
91, 53
223, 172
383, 161
30, 302
272, 330
291, 343
253, 51
313, 102
43, 241
170, 282
103, 292
371, 43
142, 220
161, 233
133, 171
12, 110
31, 123
3, 61
130, 102
383, 282
121, 53
253, 172
101, 303
343, 102
73, 241
133, 292
191, 233
3, 182
163, 171
42, 110
61, 123
33, 61
163, 292
33, 182
360, 311
382, 70
63, 61
190, 21
330, 1
63, 182
390, 311
202, 260
310, 22
260, 201
342, 240
361, 253
72, 150
190, 142
231, 143
60, 261
280, 301
60, 32
321, 73
352, 140
150, 191
222, 30
260, 322
20, 81
273, 261
340, 22
372, 240
391, 253
102, 150
143, 151
363, 191
160, 91
220, 142
261, 143
32, 320
51, 333
233, 81
90, 261
150, 312
90, 32
131, 33
351, 73
141, 263
172, 330
20, 202
180, 191
331, 323
50, 81
143, 272
303, 261
363, 312
160, 212
132, 150
173, 151
233, 202
393, 191
30, 102
250, 142
291, 143
62, 320
2, 40
81, 333
43, 41
103, 92
263, 81
120, 261
53, 271
180, 312
120, 32
161, 33
50, 202
243, 102
41, 153
173, 272
333, 261
393, 312
203, 151
263, 202
92, 320
73, 41
111, 333
133, 92
83, 271
191, 33
71, 153
203, 272
23, 341
163, 92
113, 271
302, 170
11, 223
360, 111
392, 100
290, 52
380, 211
110, 121
360, 232
332, 170
390, 111
202, 60
260, 1
380, 332
320, 52
110, 242
140, 121
280, 101
10, 11
390, 232
362, 170
381, 183
260, 122
193, 132
210, 301
292, 340
232, 60
22, 250
283, 291
350, 52
80, 191
140, 242
181, 243
10, 132
170, 121
51, 133
271, 173
100, 291
40, 11
293, 191
141, 63
172, 130
80, 312
322, 340
262, 60
281, 73
52, 250
363, 112
93, 251
160, 12
93, 22
313, 291
170, 242
211, 243
183, 181
40, 132
293, 312
81, 133
301, 173
53, 71
130, 291
70, 11
171, 63
0, 181
393, 112
123, 251
82, 250
183, 302
123, 22
343, 291
241, 243
53, 192
213, 181
70, 132
111, 133
83, 71
0, 302
201, 63
13, 12
153, 251
213, 302
153, 22
23, 141
83, 192
113, 71
21, 253
370, 141
240, 31
113, 192
252, 270
310, 211
370, 262
122, 160
342, 200
240, 152
212, 90
110, 42
270, 31
330, 311
330, 82
60, 221
200, 201
310, 332
282, 270
323, 42
340, 211
152, 160
372, 200
210, 101
270, 152
22, 50
60, 342
242, 90
283, 91
140, 42
300, 31
90, 221
222, 340
230, 201
340, 332
312, 270
331, 283
353, 42
210, 222
143, 232
182, 160
283, 212
300, 152
30, 291
90, 342
131, 343
52, 50
272, 90
313, 91
103, 281
43, 1
170, 42
120, 221
1, 233
221, 273
293, 112
243, 291
91, 163
383, 42
173, 232
313, 212
43, 122
120, 342
161, 343
101, 63
82, 50
343, 91
133, 281
73, 1
31, 233
251, 273
3, 171
121, 163
343, 212
73, 122
191, 343
3, 292
163, 281
61, 233
33, 171
290, 241
21, 53
33, 292
382, 180
373, 131
63, 171
252, 70
370, 62
320, 241
380, 292
342, 0
361, 13
190, 131
60, 21
373, 252
280, 61
63, 292
260, 311
282, 70
72, 260
292, 300
273, 21
190, 252
350, 241
372, 0
391, 13
162, 190
60, 142
220, 131
280, 182
10, 321
321, 183
32, 80
51, 93
90, 21
150, 72
172, 90
273, 142
312, 70
331, 83
102, 260
322, 300
363, 301
143, 32
303, 21
363, 72
160, 201
220, 252
192, 190
233, 191
30, 91
90, 142
250, 131
40, 321
351, 183
62, 80
81, 93
180, 301
120, 21
180, 72
221, 73
243, 91
303, 142
160, 322
93, 332
132, 260
151, 273
233, 312
173, 32
333, 21
393, 301
393, 72
250, 252
2, 150
263, 191
120, 142
70, 321
92, 80
111, 93
243, 212
251, 73
41, 263
13, 201
333, 142
123, 332
263, 312
203, 32
23, 101
13, 322
71, 263
153, 332
290, 41
23, 222
302, 280
11, 333
392, 210
290, 162
240, 341
320, 41
380, 92
110, 231
200, 161
332, 280
373, 52
323, 231
193, 121
320, 162
270, 341
292, 100
311, 113
350, 41
140, 231
200, 282
181, 3
10, 121
230, 161
362, 280
381, 293
100, 51
353, 231
193, 242
232, 170
223, 121
350, 162
283, 172
80, 301
300, 341
80, 72
322, 100
341, 113
112, 290
93, 11
10, 242
170, 231
230, 282
271, 283
211, 3
1, 193
40, 121
293, 301
100, 172
223, 242
130, 51
383, 231
262, 170
281, 183
93, 132
253, 121
313, 172
151, 73
371, 113
142, 290
183, 291
123, 11
183, 62
40, 242
301, 283
241, 3
12, 180
31, 193
70, 121
130, 172
0, 62
253, 242
13, 1
123, 132
343, 172
213, 291
153, 11
213, 62
70, 242
42, 180
61, 193
201, 173
13, 122
153, 132
23, 22
252, 30
370, 251
370, 22
240, 141
330, 71
310, 92
342, 310
282, 30
361, 323
323, 31
240, 262
212, 200
231, 213
270, 141
330, 192
60, 331
352, 210
200, 82
150, 261
222, 100
323, 152
20, 151
273, 331
340, 92
372, 310
312, 30
353, 31
391, 323
143, 221
270, 262
242, 200
261, 213
300, 141
233, 151
90, 331
30, 51
112, 90
131, 103
103, 41
230, 82
20, 272
180, 261
221, 33
353, 152
50, 151
143, 342
303, 331
383, 31
173, 221
300, 262
233, 272
30, 172
272, 200
291, 213
43, 111
103, 162
120, 331
142, 90
161, 103
133, 41
50, 272
251, 33
383, 152
173, 342
333, 331
253, 42
43, 232
203, 221
263, 272
101, 173
73, 111
133, 162
191, 103
3, 52
163, 41
203, 342
73, 232
163, 162
11, 293
33, 52
360, 181
290, 122
380, 281
360, 302
373, 241
63, 52
390, 181
202, 130
260, 71
320, 122
361, 123
72, 20
190, 241
190, 12
231, 13
280, 171
352, 10
390, 302
150, 61
260, 192
232, 130
273, 131
350, 122
391, 123
162, 300
102, 20
181, 313
143, 21
363, 61
220, 241
280, 292
220, 12
261, 13
32, 190
51, 203
150, 182
141, 133
172, 200
20, 72
180, 61
273, 252
262, 130
303, 131
363, 182
93, 321
160, 82
192, 300
132, 20
173, 21
211, 313
233, 72
393, 61
250, 241
183, 251
250, 12
291, 13
62, 190
81, 203
53, 141
180, 182
171, 133
50, 72
303, 252
0, 251
41, 23
333, 131
393, 182
123, 321
203, 21
241, 313
263, 72
53, 262
213, 251
92, 190
111, 203
83, 141
201, 133
13, 311
13, 82
333, 252
71, 23
203, 142
153, 321
23, 211
83, 262
113, 141
302, 40
11, 93
23, 332
380, 81
113, 262
360, 102
310, 281
392, 320
332, 40
122, 230
240, 222
110, 341
110, 112
200, 271
323, 341
390, 102
340, 281
362, 40
381, 53
152, 230
193, 231
193, 2
210, 171
270, 222
311, 223
22, 120
283, 161
140, 341
80, 61
140, 112
181, 113
230, 271
10, 2
271, 43
100, 161
353, 341
293, 61
210, 292
182, 230
223, 231
283, 282
223, 2
80, 182
300, 222
341, 223
52, 120
93, 121
313, 161
170, 341
170, 112
211, 113
1, 303
183, 51
100, 282
40, 2
293, 182
301, 43
91, 233
130, 161
383, 341
0, 51
253, 231
313, 282
253, 2
371, 223
82, 120
123, 121
183, 172
343, 161
241, 113
12, 290
31, 303
53, 62
213, 51
3, 241
130, 282
70, 2
121, 233
0, 172
343, 282
153, 121
213, 172
42, 290
61, 303
83, 62
33, 241
21, 123
370, 11
382, 250
113, 62
63, 241
252, 140
310, 81
370, 132
122, 30
342, 70
240, 22
190, 201
330, 181
60, 91
310, 202
282, 140
72, 330
340, 81
152, 30
231, 323
190, 322
372, 70
270, 22
60, 212
321, 253
352, 320
90, 91
222, 210
20, 261
20, 32
340, 202
312, 140
331, 153
102, 330
143, 331
210, 92
143, 102
160, 271
220, 322
261, 323
182, 30
233, 261
300, 22
30, 161
90, 212
131, 213
351, 253
103, 151
120, 91
221, 143
50, 261
243, 161
50, 32
91, 33
132, 330
173, 331
173, 102
30, 282
250, 322
291, 323
2, 220
43, 221
103, 272
263, 261
120, 212
161, 213
133, 151
243, 282
251, 143
3, 41
41, 333
121, 33
203, 331
203, 102
73, 221
133, 272
191, 213
3, 162
163, 151
71, 333
33, 41
290, 111
380, 41
163, 272
33, 162
360, 291
382, 50
392, 280
373, 1
63, 41
290, 232
320, 111
380, 162
110, 301
190, 1
373, 122
63, 162
390, 291
202, 240
260, 181
320, 232
72, 130
292, 170
190, 122
350, 111
140, 301
162, 60
181, 73
60, 12
220, 1
280, 281
280, 52
10, 191
321, 53
260, 302
193, 312
232, 240
273, 12
350, 232
102, 130
322, 170
363, 171
160, 71
93, 81
220, 122
10, 312
51, 313
192, 60
90, 12
250, 1
40, 191
351, 53
141, 243
172, 310
262, 240
281, 253
363, 292
303, 12
160, 192
93, 202
132, 130
151, 143
393, 171
123, 81
250, 122
40, 312
81, 313
2, 20
263, 61
53, 251
120, 12
70, 191
171, 243
243, 82
0, 132
41, 133
13, 71
393, 292
333, 12
123, 202
153, 81
70, 312
111, 313
83, 251
201, 243
13, 192
71, 133
153, 202
23, 321
23, 92
113, 251
302, 150
370, 321
392, 80
240, 211
110, 101
330, 141
200, 31
332, 150
122, 340
323, 101
240, 332
212, 270
110, 222
270, 211
330, 262
140, 101
200, 152
323, 222
230, 31
362, 150
381, 163
152, 340
193, 112
353, 101
210, 281
270, 332
210, 52
22, 230
242, 270
283, 271
283, 42
80, 171
140, 222
300, 211
112, 160
131, 173
10, 112
170, 101
230, 152
271, 153
1, 63
293, 171
100, 42
353, 222
182, 340
223, 112
383, 101
300, 332
281, 53
52, 230
272, 270
313, 271
93, 2
313, 42
43, 181
170, 222
142, 160
161, 173
40, 112
293, 292
301, 153
12, 50
91, 343
31, 63
130, 42
383, 222
253, 112
43, 302
82, 230
101, 243
343, 271
123, 2
343, 42
73, 181
70, 112
42, 50
121, 343
61, 63
73, 302
153, 2
382, 10
21, 233
370, 121
240, 11
373, 311
252, 250
370, 242
342, 180
361, 193
190, 311
212, 70
231, 83
270, 11
330, 62
60, 201
280, 241
321, 13
352, 80
150, 131
282, 250
323, 22
20, 21
273, 201
372, 180
391, 193
143, 91
60, 322
220, 311
160, 31
242, 70
261, 83
32, 260
51, 273
300, 11
233, 21
90, 201
150, 252
351, 13
172, 270
20, 142
180, 131
273, 322
312, 250
331, 263
353, 22
50, 21
143, 212
303, 201
363, 252
160, 152
173, 91
233, 142
30, 271
90, 322
250, 311
30, 42
272, 70
291, 83
62, 260
81, 273
103, 32
263, 21
120, 201
180, 252
221, 253
243, 271
50, 142
303, 322
383, 22
173, 212
333, 201
393, 252
2, 330
43, 102
203, 91
263, 142
120, 322
101, 43
92, 260
111, 273
133, 32
251, 253
333, 322
203, 212
73, 102
23, 281
163, 32
302, 110
11, 163
360, 51
290, 221
380, 151
360, 172
332, 110
373, 111
290, 342
390, 51
202, 0
320, 221
380, 272
200, 341
373, 232
280, 41
390, 172
362, 110
193, 301
320, 342
260, 62
292, 280
232, 0
311, 293
273, 1
350, 221
80, 131
162, 170
181, 183
220, 111
280, 162
10, 301
32, 60
230, 341
51, 73
271, 113
150, 52
100, 231
141, 3
172, 70
273, 122
223, 301
350, 342
80, 252
322, 280
262, 0
303, 1
341, 293
363, 52
93, 191
192, 170
211, 183
250, 111
183, 121
40, 301
62, 60
81, 73
301, 113
53, 11
180, 52
130, 231
171, 3
303, 122
0, 121
93, 312
253, 301
151, 253
333, 1
371, 293
393, 52
123, 191
183, 242
241, 183
53, 132
213, 121
70, 301
92, 60
111, 73
83, 11
0, 242
201, 3
13, 181
333, 122
123, 312
153, 191
213, 242
23, 81
83, 132
13, 302
113, 11
153, 312
23, 202
113, 132
252, 210
310, 151
370, 202
122, 100
240, 321
240, 92
330, 251
200, 141
310, 272
282, 210
323, 211
340, 151
152, 100
193, 101
270, 321
210, 41
270, 92
311, 93
283, 31
200, 262
222, 280
230, 141
323, 332
20, 331
340, 272
312, 210
353, 211
100, 31
210, 162
182, 100
223, 101
283, 152
300, 321
80, 52
233, 331
300, 92
30, 231
112, 270
341, 93
131, 283
313, 31
103, 221
230, 262
1, 173
221, 213
100, 152
353, 332
293, 52
50, 331
91, 103
223, 222
130, 31
383, 211
253, 101
313, 152
43, 291
103, 342
371, 93
142, 270
161, 283
101, 3
183, 42
343, 31
133, 221
12, 160
31, 173
251, 213
3, 111
130, 152
383, 332
121, 103
253, 222
343, 152
73, 291
133, 342
191, 283
213, 42
3, 232
163, 221
42, 160
61, 173
33, 111
163, 342
33, 232
382, 120
63, 111
252, 10
290, 302
370, 2
190, 71
63, 232
202, 310
310, 72
260, 251
282, 10
361, 303
320, 302
72, 200
190, 192
231, 193
60, 82
220, 71
321, 123
32, 20
352, 190
150, 241
20, 131
232, 310
273, 311
340, 72
273, 82
350, 302
391, 303
331, 23
102, 200
143, 201
312, 10
363, 241
160, 141
220, 192
261, 193
233, 131
30, 31
90, 82
250, 71
351, 123
62, 20
103, 21
141, 313
20, 252
180, 241
221, 13
262, 310
50, 131
243, 31
303, 311
303, 82
160, 262
132, 200
173, 201
233, 252
393, 241
30, 152
250, 192
291, 193
2, 90
103, 142
263, 131
53, 321
120, 82
92, 20
133, 21
171, 313
50, 252
243, 152
251, 13
41, 203
333, 311
333, 82
203, 201
263, 252
133, 142
83, 321
191, 83
3, 32
201, 313
163, 21
13, 262
71, 203
203, 322
163, 142
113, 321
302, 220
11, 273
33, 32
360, 161
392, 150
290, 102
380, 261
380, 32
110, 171
360, 282
332, 220
63, 32
390, 161
202, 110
260, 51
193, 61
320, 102
110, 292
72, 0
292, 40
140, 171
10, 61
390, 282
362, 220
381, 233
260, 172
193, 182
232, 110
22, 300
283, 341
223, 61
350, 102
80, 241
102, 0
181, 293
140, 292
322, 40
363, 41
10, 182
170, 171
271, 223
100, 341
40, 61
293, 241
100, 112
141, 113
223, 182
262, 110
281, 123
52, 300
93, 301
313, 341
93, 72
253, 61
170, 292
211, 293
151, 13
132, 0
393, 41
183, 231
40, 182
301, 223
12, 120
53, 121
130, 341
70, 61
171, 113
0, 231
0, 2
253, 182
41, 3
82, 300
123, 301
123, 72
343, 341
241, 293
53, 242
213, 231
70, 182
42, 120
83, 121
201, 113
13, 62
71, 3
153, 301
153, 72
83, 242
113, 121
21, 303
370, 191
240, 81
330, 11
113, 242
252, 320
310, 261
370, 312
310, 32
122, 210
342, 250
240, 202
212, 140
231, 153
110, 92
270, 81
330, 132
60, 271
200, 22
282, 320
222, 40
323, 92
340, 261
340, 32
381, 33
152, 210
372, 250
210, 151
143, 161
270, 202
22, 100
242, 140
283, 141
140, 92
300, 81
90, 271
112, 30
131, 43
230, 22
20, 212
312, 320
331, 333
293, 41
353, 92
210, 272
143, 282
182, 210
173, 161
300, 202
30, 341
52, 100
272, 140
313, 141
103, 331
43, 51
170, 92
120, 271
142, 30
221, 323
161, 43
293, 162
243, 341
50, 212
91, 213
383, 92
173, 282
43, 172
203, 161
82, 100
101, 113
343, 141
133, 331
73, 51
251, 323
191, 43
3, 221
121, 213
203, 282
73, 172
3, 342
163, 331
33, 221
290, 291
21, 103
380, 221
33, 342
382, 230
373, 181
63, 221
320, 291
342, 50
380, 342
361, 63
190, 181
60, 71
373, 302
280, 111
63, 342
150, 1
260, 132
72, 310
273, 71
190, 302
350, 291
372, 50
391, 63
162, 240
181, 253
363, 1
60, 192
220, 181
280, 232
321, 233
32, 130
51, 143
90, 71
150, 122
172, 140
20, 12
180, 1
273, 192
331, 133
102, 310
143, 82
303, 71
363, 122
93, 261
160, 251
160, 22
220, 302
192, 240
233, 12
393, 1
90, 192
250, 181
351, 233
62, 130
81, 143
120, 71
180, 122
243, 141
50, 12
303, 192
132, 310
151, 323
173, 82
333, 71
393, 122
123, 261
250, 302
2, 200
263, 241
263, 12
120, 192
92, 130
111, 143
243, 262
0, 312
41, 313
13, 251
333, 192
203, 82
153, 261
23, 151
71, 313
11, 33
290, 91
23, 272
380, 21
302, 330
360, 42
392, 260
320, 91
380, 142
110, 281
330, 321
200, 211
332, 330
373, 102
323, 281
390, 42
193, 171
292, 150
311, 163
350, 91
283, 101
140, 281
80, 1
200, 332
162, 40
181, 53
280, 32
10, 171
230, 211
362, 330
381, 343
100, 101
353, 281
193, 292
210, 232
223, 171
283, 222
80, 122
322, 150
341, 163
112, 340
93, 61
313, 101
10, 292
170, 281
230, 332
271, 333
211, 53
192, 40
1, 243
40, 171
100, 222
223, 292
130, 101
383, 281
281, 233
93, 182
253, 171
313, 222
151, 123
371, 163
142, 340
123, 61
183, 112
343, 101
40, 292
301, 333
241, 53
12, 230
31, 243
53, 2
70, 171
130, 222
0, 112
253, 292
13, 51
123, 182
343, 222
153, 61
213, 112
70, 292
42, 230
61, 243
83, 2
153, 182
23, 72
382, 190
113, 2
252, 80
370, 301
310, 21
370, 72
240, 191
330, 121
200, 11
310, 142
282, 80
323, 81
340, 21
212, 250
231, 263
270, 191
330, 242
321, 193
352, 260
200, 132
150, 311
222, 150
230, 11
323, 202
20, 201
340, 142
312, 80
353, 81
143, 271
210, 32
160, 211
242, 250
261, 263
283, 22
300, 191
233, 201
30, 101
112, 140
131, 153
351, 193
103, 91
230, 132
20, 322
180, 311
1, 43
221, 83
353, 202
50, 201
160, 332
383, 81
173, 271
233, 322
30, 222
272, 250
291, 263
313, 22
43, 161
103, 212
263, 201
142, 140
161, 153
133, 91
50, 322
31, 43
251, 83
130, 22
383, 202
43, 282
203, 271
263, 322
101, 223
343, 22
73, 161
133, 212
191, 153
3, 102
163, 91
61, 43
290, 51
73, 282
163, 212
302, 290
11, 343
33, 102
360, 231
290, 172
380, 331
320, 51
332, 290
373, 291
373, 62
63, 102
390, 231
202, 180
260, 121
320, 172
361, 173
72, 70
190, 62
350, 51
162, 0
280, 221
352, 60
362, 290
150, 111
260, 242
20, 1
232, 180
273, 181
350, 172
80, 311
391, 173
102, 70
363, 111
220, 291
160, 11
280, 342
220, 62
261, 63
32, 240
51, 253
233, 1
271, 293
150, 232
141, 183
172, 250
180, 111
273, 302
262, 180
303, 181
50, 1
363, 232
160, 132
132, 70
151, 83
233, 122
393, 111
250, 291
183, 301
30, 22
250, 62
291, 63
62, 240
81, 253
103, 12
301, 293
263, 1
53, 191
180, 232
171, 183
303, 302
243, 22
0, 301
41, 73
333, 181
13, 11
393, 232
263, 122
53, 312
213, 301
92, 240
111, 253
133, 12
83, 191
201, 183
333, 302
13, 132
71, 73
23, 261
83, 312
163, 12
113, 191
302, 90
11, 143
360, 31
392, 20
240, 151
110, 41
113, 312
360, 152
310, 331
332, 90
122, 280
390, 31
240, 272
110, 162
270, 151
200, 321
140, 41
390, 152
323, 162
340, 331
362, 90
381, 103
152, 280
193, 281
193, 52
210, 221
270, 272
311, 273
22, 170
283, 211
80, 111
140, 162
300, 151
112, 100
10, 52
170, 41
230, 321
271, 93
100, 211
293, 111
353, 162
210, 342
182, 280
223, 281
283, 332
223, 52
80, 232
300, 272
341, 273
52, 170
313, 211
170, 162
211, 163
142, 100
183, 101
100, 332
40, 52
293, 232
301, 93
91, 283
130, 211
383, 162
0, 101
253, 281
313, 332
253, 52
371, 273
82, 170
101, 183
183, 222
343, 211
241, 163
12, 340
53, 112
213, 101
3, 291
130, 332
70, 52
121, 283
343, 332
213, 222
42, 340
83, 112
33, 291
21, 173
370, 61
382, 300
113, 112
63, 291
252, 190
310, 131
370, 182
122, 80
342, 120
240, 72
190, 251
212, 10
231, 23
330, 2
60, 141
352, 20
310, 252
282, 190
340, 131
273, 141
152, 80
372, 120
143, 31
270, 72
60, 262
220, 251
242, 10
321, 303
261, 23
32, 200
90, 141
222, 260
20, 311
20, 82
273, 262
340, 252
312, 190
331, 203
143, 152
160, 321
182, 80
233, 311
173, 31
300, 72
30, 211
90, 262
250, 251
272, 10
351, 303
291, 23
62, 200
103, 201
120, 141
221, 193
293, 32
50, 311
243, 211
50, 82
303, 262
91, 83
173, 152
30, 332
2, 270
103, 322
263, 311
43, 42
203, 31
120, 262
92, 200
133, 201
243, 332
251, 193
3, 91
333, 262
121, 83
203, 152
133, 322
73, 42
191, 263
3, 212
163, 201
33, 91
290, 161
380, 91
163, 322
33, 212
360, 341
360, 112
392, 330
373, 51
63, 91
290, 282
320, 161
380, 212
190, 51
373, 172
63, 212
390, 341
390, 112
202, 290
260, 231
193, 241
320, 282
260, 2
72, 180
292, 220
190, 172
350, 161
162, 110
181, 123
60, 62
220, 51
280, 102
10, 241
32, 0
51, 13
232, 290
172, 10
273, 62
223, 241
350, 282
331, 3
102, 180
322, 220
363, 221
93, 131
220, 172
192, 110
211, 123
90, 62
250, 51
40, 241
62, 0
141, 293
81, 13
100, 292
262, 290
281, 303
243, 11
303, 62
0, 61
93, 252
132, 180
151, 193
393, 221
123, 131
250, 172
2, 70
241, 123
12, 300
53, 301
120, 62
53, 72
70, 241
92, 0
171, 293
111, 13
243, 132
0, 182
41, 183
13, 121
333, 62
123, 252
153, 131
42, 300
83, 301
23, 21
83, 72
201, 293
13, 242
71, 183
153, 252
23, 142
113, 301
113, 72
392, 130
240, 261
380, 12
110, 151
330, 191
200, 81
310, 212
323, 151
212, 320
231, 333
193, 41
110, 272
270, 261
292, 20
330, 312
311, 33
140, 151
200, 202
222, 220
10, 41
230, 81
323, 272
340, 212
381, 213
193, 162
353, 151
210, 331
143, 341
210, 102
22, 280
242, 320
283, 321
223, 41
283, 92
140, 272
300, 261
322, 20
341, 33
112, 210
131, 223
10, 162
170, 151
230, 202
1, 113
40, 41
293, 221
100, 92
353, 272
223, 162
383, 151
173, 341
281, 103
52, 280
272, 320
313, 321
253, 41
93, 52
313, 92
43, 231
170, 272
371, 33
142, 210
161, 223
40, 162
293, 342
12, 100
31, 113
70, 41
130, 92
383, 272
253, 162
203, 341
82, 280
101, 293
123, 52
343, 321
343, 92
73, 231
191, 223
70, 162
3, 172
42, 100
61, 113
153, 52
33, 172
382, 60
21, 283
370, 171
63, 172
310, 12
342, 230
361, 243
212, 120
231, 133
330, 112
60, 251
280, 291
60, 22
321, 63
352, 130
200, 2
150, 181
222, 20
260, 312
20, 71
273, 251
340, 12
372, 230
391, 243
143, 141
363, 181
160, 81
242, 120
261, 133
32, 310
51, 323
233, 71
90, 251
150, 302
90, 22
131, 23
351, 63
230, 2
172, 320
20, 192
180, 181
331, 313
50, 71
303, 251
143, 262
363, 302
160, 202
173, 141
233, 192
393, 181
30, 92
272, 120
291, 133
62, 310
2, 30
81, 323
43, 31
103, 82
263, 71
120, 251
180, 302
161, 23
243, 321
50, 192
243, 92
173, 262
333, 251
393, 302
43, 152
203, 141
263, 192
92, 310
73, 31
111, 323
133, 82
191, 23
203, 262
73, 152
23, 331
163, 82
302, 160
11, 213
360, 101
290, 271
290, 42
380, 201
360, 222
332, 160
373, 161
390, 101
202, 50
320, 271
380, 322
320, 42
361, 43
373, 282
280, 91
390, 222
362, 160
260, 112
292, 330
232, 50
311, 343
350, 271
283, 281
350, 42
80, 181
162, 220
391, 43
181, 233
280, 212
10, 122
51, 123
271, 163
150, 102
100, 281
141, 53
172, 120
80, 302
322, 330
262, 50
341, 343
303, 51
363, 102
93, 241
160, 2
313, 281
192, 220
211, 233
183, 171
40, 122
81, 123
301, 163
53, 61
180, 102
130, 281
171, 53
0, 171
151, 303
371, 343
333, 51
393, 102
123, 241
183, 292
343, 281
241, 233
53, 182
213, 171
70, 122
111, 123
83, 61
0, 292
201, 53
13, 231
13, 2
153, 241
213, 292
23, 131
83, 182
113, 61
11, 13
370, 131
240, 21
23, 252
113, 182
252, 260
310, 201
370, 252
122, 150
240, 142
110, 32
270, 21
330, 301
200, 191
310, 322
282, 260
323, 261
323, 32
340, 201
152, 150
210, 91
270, 142
311, 143
22, 40
283, 81
200, 312
140, 32
300, 21
222, 330
230, 191
340, 322
312, 260
353, 261
100, 81
353, 32
210, 212
182, 150
283, 202
80, 102
300, 142
30, 281
112, 320
52, 40
341, 143
131, 333
313, 81
103, 271
230, 312
170, 32
1, 223
221, 263
293, 102
91, 153
130, 81
383, 261
383, 32
313, 202
43, 341
371, 143
142, 320
82, 40
161, 333
101, 53
183, 92
343, 81
133, 271
31, 223
251, 263
3, 161
130, 202
121, 153
343, 202
73, 341
191, 333
213, 92
3, 282
163, 271
61, 223
33, 161
290, 231
21, 43
33, 282
382, 170
63, 161
252, 60
310, 1
370, 52
320, 231
361, 3
190, 121
60, 11
373, 242
63, 282
260, 301
282, 60
72, 250
340, 1
273, 11
190, 242
350, 231
391, 3
162, 180
60, 132
220, 121
321, 173
352, 240
32, 70
150, 291
90, 11
150, 62
20, 181
273, 132
312, 60
331, 73
102, 250
363, 291
143, 22
303, 11
160, 191
220, 242
261, 243
233, 181
30, 81
90, 132
250, 121
351, 173
62, 70
103, 71
180, 291
120, 11
180, 62
221, 63
50, 181
243, 81
303, 132
160, 312
132, 250
151, 263
233, 302
173, 22
393, 291
30, 202
333, 11
250, 242
291, 243
2, 140
103, 192
263, 181
120, 132
92, 70
133, 71
243, 202
251, 63
41, 253
13, 191
333, 132
263, 302
203, 22
133, 192
163, 71
13, 312
71, 253
290, 31
163, 192
302, 270
11, 323
360, 211
392, 200
290, 152
240, 331
320, 31
380, 82
110, 221
360, 332
332, 270
373, 42
390, 211
202, 160
260, 101
193, 111
320, 152
110, 342
270, 331
72, 50
292, 90
311, 103
190, 42
350, 31
140, 221
10, 111
390, 332
323, 342
362, 270
381, 283
193, 232
100, 41
232, 160
223, 111
350, 152
80, 291
102, 50
300, 331
140, 342
322, 90
341, 103
112, 280
93, 1
220, 42
10, 232
170, 221
271, 273
40, 111
293, 291
100, 162
353, 342
141, 163
223, 232
130, 41
262, 160
281, 173
93, 122
253, 111
132, 50
211, 343
151, 63
170, 342
371, 103
142, 280
183, 281
123, 1
250, 42
183, 52
40, 232
301, 273
12, 170
53, 171
70, 111
130, 162
383, 342
171, 163
0, 281
0, 52
253, 232
41, 53
123, 122
241, 343
53, 292
213, 281
153, 1
70, 232
42, 170
83, 171
201, 163
13, 112
71, 53
153, 122
83, 292
23, 12
113, 171
370, 241
392, 0
240, 131
110, 21
330, 61
113, 292
310, 311
310, 82
122, 260
342, 300
323, 21
240, 252
212, 190
231, 203
110, 142
270, 131
330, 182
60, 321
140, 21
352, 200
200, 72
222, 90
323, 142
20, 141
340, 311
273, 321
340, 82
381, 83
152, 260
372, 300
193, 32
353, 21
210, 201
143, 211
270, 252
22, 150
242, 190
261, 203
140, 142
300, 131
90, 321
112, 80
131, 93
170, 21
230, 72
20, 262
293, 91
353, 142
50, 141
143, 332
182, 260
223, 32
383, 21
173, 211
300, 252
52, 150
272, 190
291, 203
43, 101
170, 142
103, 152
120, 321
142, 80
161, 93
293, 212
50, 262
91, 263
383, 142
173, 332
253, 32
43, 222
203, 211
82, 150
101, 163
73, 101
133, 152
191, 93
3, 271
3, 42
121, 263
203, 332
73, 222
33, 271
33, 42
290, 341
21, 153
380, 271
360, 292
373, 231
63, 271
63, 42
320, 341
260, 61
342, 100
361, 113
72, 10
190, 231
231, 3
60, 121
280, 161
352, 0
390, 292
150, 51
260, 182
273, 121
350, 341
372, 100
391, 113
162, 290
102, 10
181, 303
143, 11
363, 51
60, 242
220, 231
280, 282
261, 3
32, 180
51, 193
90, 121
150, 172
172, 190
20, 62
180, 51
273, 242
331, 183
143, 132
303, 121
363, 172
93, 311
160, 72
192, 290
132, 10
211, 303
173, 11
233, 62
393, 51
90, 242
250, 231
291, 3
62, 180
81, 193
120, 121
180, 172
243, 191
50, 62
303, 242
0, 241
41, 13
173, 132
333, 121
393, 172
123, 311
2, 250
43, 22
203, 11
241, 303
263, 62
120, 242
53, 252
92, 180
111, 193
243, 312
13, 301
333, 242
71, 13
203, 132
153, 311
73, 22
23, 201
83, 252
302, 30
11, 83
23, 322
380, 71
113, 252
360, 92
392, 310
332, 30
373, 31
380, 192
110, 331
110, 102
200, 261
323, 331
390, 92
362, 30
193, 221
210, 161
292, 200
311, 213
22, 110
283, 151
140, 331
80, 51
140, 102
181, 103
280, 82
10, 221
230, 261
271, 33
100, 151
353, 331
193, 342
210, 282
223, 221
283, 272
80, 172
322, 200
341, 213
52, 110
93, 111
313, 151
10, 342
170, 331
192, 90
211, 103
1, 293
183, 41
40, 221
100, 272
293, 172
301, 33
223, 342
383, 331
130, 151
281, 283
0, 41
253, 221
93, 232
313, 272
371, 213
82, 110
123, 111
183, 162
343, 151
40, 342
241, 103
12, 280
31, 293
53, 52
213, 41
70, 221
130, 272
0, 162
253, 342
123, 232
343, 272
153, 111
213, 162
70, 342
42, 280
61, 293
23, 1
83, 52
21, 113
370, 1
153, 232
23, 122
382, 240
113, 52
252, 130
310, 71
370, 122
122, 20
240, 12
330, 171
200, 61
310, 192
282, 130
323, 131
340, 71
212, 300
152, 20
231, 313
330, 292
270, 12
60, 202
321, 243
352, 310
200, 182
222, 200
230, 61
20, 251
340, 192
312, 130
353, 131
143, 321
210, 82
160, 261
242, 300
182, 20
261, 313
283, 72
233, 251
300, 12
30, 151
90, 202
131, 203
351, 243
103, 141
230, 182
1, 93
221, 133
50, 251
243, 151
91, 23
383, 131
173, 321
30, 272
272, 300
291, 313
313, 72
2, 210
43, 211
103, 262
263, 251
161, 203
133, 141
31, 93
243, 272
251, 133
3, 31
121, 23
43, 332
203, 321
343, 72
73, 211
133, 262
191, 203
3, 152
163, 141
61, 93
33, 31
290, 101
73, 332
163, 262
302, 340
33, 152
360, 281
382, 40
63, 31
290, 222
320, 101
332, 340
373, 341
373, 112
63, 152
390, 281
202, 230
260, 171
320, 222
361, 223
72, 120
190, 112
350, 101
162, 50
60, 2
280, 271
280, 42
321, 43
150, 161
362, 340
260, 292
232, 230
273, 2
350, 222
391, 223
102, 120
363, 161
160, 61
220, 112
10, 302
51, 303
192, 50
271, 343
233, 51
150, 282
90, 2
351, 43
141, 233
172, 300
180, 161
262, 230
303, 231
363, 282
303, 2
160, 182
132, 120
151, 133
233, 172
393, 161
30, 72
250, 112
2, 10
81, 303
40, 302
301, 343
263, 51
53, 241
180, 282
120, 2
171, 233
243, 72
41, 123
13, 61
333, 231
393, 282
333, 2
263, 172
70, 302
111, 303
83, 241
201, 233
13, 182
71, 123
23, 311
23, 82
163, 62
113, 241
302, 140
11, 193
360, 81
370, 311
392, 70
290, 22
240, 201
110, 91
200, 21
332, 140
122, 330
390, 81
323, 91
202, 30
240, 322
320, 22
110, 212
270, 201
140, 91
200, 142
323, 212
362, 140
381, 153
152, 330
193, 102
353, 91
210, 271
232, 30
311, 323
270, 322
22, 220
283, 261
350, 22
80, 161
140, 212
300, 201
112, 150
10, 102
170, 91
230, 142
271, 143
100, 261
293, 161
100, 32
353, 212
141, 33
182, 330
223, 102
383, 91
80, 282
262, 30
341, 323
281, 43
52, 220
300, 322
313, 261
170, 212
142, 150
183, 151
40, 102
293, 282
301, 143
12, 40
91, 333
53, 41
130, 261
130, 32
171, 33
383, 212
253, 331
253, 102
371, 323
82, 220
101, 233
183, 272
343, 261
213, 151
3, 341
70, 102
42, 40
121, 333
83, 41
201, 33
213, 272
33, 341
113, 41
21, 223
370, 111
240, 1
63, 341
252, 240
310, 181
370, 232
122, 130
342, 170
361, 183
240, 122
190, 301
212, 60
231, 73
270, 1
330, 52
60, 191
352, 70
150, 121
282, 240
323, 12
20, 11
340, 181
273, 191
152, 130
372, 170
391, 183
143, 81
270, 122
60, 312
220, 301
242, 60
261, 73
32, 250
300, 1
90, 191
150, 242
20, 132
273, 312
312, 240
331, 253
353, 12
50, 11
143, 202
303, 191
182, 130
173, 81
300, 122
30, 261
90, 312
250, 301
30, 32
272, 60
291, 73
62, 250
103, 251
170, 12
103, 22
120, 191
180, 242
221, 243
243, 261
50, 132
303, 312
91, 133
383, 12
173, 202
333, 191
2, 320
43, 92
203, 81
120, 312
101, 33
92, 250
133, 251
133, 22
251, 243
3, 141
333, 312
121, 133
203, 202
73, 92
163, 251
163, 22
33, 141
360, 41
290, 211
380, 141
360, 162
373, 101
63, 141
290, 332
390, 41
320, 211
380, 262
190, 101
280, 31
373, 222
390, 162
202, 340
260, 281
193, 291
320, 332
260, 52
72, 230
292, 270
311, 283
190, 222
350, 211
162, 160
181, 173
220, 101
280, 152
10, 291
32, 50
51, 63
150, 42
100, 221
232, 340
172, 60
273, 112
223, 291
350, 332
331, 53
102, 230
322, 270
143, 2
341, 283
363, 42
93, 181
220, 222
192, 160
211, 173
250, 101
40, 291
62, 50
141, 343
81, 63
100, 342
53, 1
180, 42
130, 221
262, 340
303, 112
0, 111
93, 302
253, 291
132, 230
151, 243
173, 2
371, 283
393, 42
123, 181
250, 222
183, 232
241, 173
120, 112
53, 122
70, 291
92, 50
171, 343
111, 63
130, 342
83, 1
0, 232
41, 233
13, 171
333, 112
123, 302
203, 2
153, 181
23, 71
83, 122
201, 343
13, 292
113, 1
71, 233
153, 302
23, 192
113, 122
310, 141
392, 180
122, 90
240, 311
380, 62
110, 201
330, 241
200, 131
310, 262
323, 201
340, 141
152, 90
193, 91
110, 322
270, 311
210, 31
292, 70
311, 83
283, 21
140, 201
200, 252
222, 270
10, 91
230, 131
323, 322
20, 321
340, 262
381, 263
193, 212
100, 21
353, 201
210, 152
22, 330
182, 90
223, 91
283, 142
140, 322
80, 42
300, 311
322, 70
341, 83
112, 260
131, 273
313, 21
170, 201
230, 252
1, 163
40, 91
293, 271
100, 142
353, 322
293, 42
50, 321
91, 93
223, 212
383, 201
130, 21
281, 153
52, 330
93, 102
253, 91
313, 142
43, 281
170, 322
103, 332
371, 83
142, 260
161, 273
183, 32
343, 21
12, 150
31, 163
70, 91
3, 101
130, 142
383, 322
121, 93
0, 32
253, 212
82, 330
101, 343
123, 102
343, 142
73, 281
133, 332
191, 273
213, 32
3, 222
42, 150
61, 163
33, 101
153, 102
33, 222
382, 110
63, 101
252, 0
21, 333
330, 41
63, 222
310, 62
260, 241
342, 280
282, 0
361, 293
72, 190
212, 170
231, 183
330, 162
60, 301
60, 72
280, 341
321, 113
352, 180
150, 231
222, 70
20, 121
273, 301
340, 62
372, 280
312, 0
391, 293
331, 13
102, 190
143, 191
363, 231
160, 131
242, 170
261, 183
233, 121
90, 301
30, 21
90, 72
131, 73
351, 113
103, 11
20, 242
180, 231
221, 3
143, 312
303, 301
243, 21
50, 121
160, 252
132, 190
173, 191
233, 242
393, 231
30, 142
272, 170
291, 183
2, 80
43, 81
103, 132
263, 121
120, 301
120, 72
161, 73
133, 11
50, 242
243, 142
251, 3
41, 193
173, 312
333, 301
43, 202
203, 191
263, 242
73, 81
133, 132
191, 73
3, 22
163, 11
71, 193
203, 312
73, 202
163, 132
302, 210
11, 263
33, 22
360, 151
290, 92
380, 251
380, 22
360, 272
332, 210
373, 211
63, 22
390, 151
202, 100
260, 41
320, 92
110, 282
292, 30
280, 141
10, 51
390, 272
362, 210
260, 162
210, 341
232, 100
22, 290
283, 331
350, 92
80, 231
181, 283
322, 30
363, 31
280, 262
10, 172
51, 173
271, 213
100, 331
40, 51
141, 103
172, 170
180, 31
262, 100
281, 113
363, 152
52, 290
93, 291
160, 52
313, 331
93, 62
192, 270
211, 283
151, 3
233, 42
393, 31
183, 221
40, 172
81, 173
301, 213
53, 111
130, 331
70, 51
171, 103
0, 221
393, 152
123, 291
82, 290
183, 342
123, 62
343, 331
241, 283
263, 42
53, 232
213, 221
70, 172
111, 173
83, 111
0, 342
201, 103
13, 52
153, 291
213, 342
153, 62
23, 181
83, 232
113, 111
302, 10
11, 63
21, 293
370, 181
240, 71
23, 302
113, 232
252, 310
310, 251
370, 302
332, 10
122, 200
240, 192
212, 130
110, 82
270, 71
330, 122
200, 241
200, 12
282, 310
323, 311
323, 82
340, 251
362, 10
381, 23
152, 200
210, 141
270, 192
22, 90
242, 130
283, 131
80, 31
140, 82
300, 71
112, 20
230, 241
230, 12
271, 13
312, 310
353, 311
293, 31
353, 82
210, 262
182, 200
283, 252
80, 152
300, 192
30, 331
52, 90
272, 130
313, 131
103, 321
170, 82
1, 273
142, 20
221, 313
183, 21
293, 152
301, 13
243, 331
91, 203
383, 311
383, 82
313, 252
43, 162
82, 90
101, 103
343, 131
133, 321
31, 273
251, 313
213, 21
3, 211
121, 203
343, 252
73, 162
213, 142
3, 332
163, 321
61, 273
33, 211
290, 281
21, 93
33, 332
382, 220
373, 171
63, 211
252, 110
370, 102
320, 281
342, 40
361, 53
190, 171
60, 61
373, 292
63, 332
282, 110
72, 300
273, 61
190, 292
350, 281
372, 40
391, 53
162, 230
60, 182
220, 171
280, 222
321, 223
32, 120
150, 341
90, 61
150, 112
20, 2
273, 182
312, 110
331, 123
102, 300
363, 341
303, 61
143, 72
160, 241
220, 292
192, 230
233, 231
233, 2
30, 131
90, 182
250, 171
351, 223
62, 120
103, 121
180, 341
120, 61
180, 112
221, 113
243, 131
50, 2
303, 182
132, 300
151, 313
393, 341
333, 61
30, 252
173, 72
250, 292
2, 190
263, 231
263, 2
120, 182
92, 120
133, 121
243, 252
251, 113
41, 303
13, 241
333, 182
203, 72
163, 121
71, 303
11, 23
290, 81
23, 262
380, 11
163, 242
302, 320
360, 261
360, 32
392, 250
290, 202
320, 81
380, 132
110, 271
332, 320
373, 92
390, 261
323, 271
390, 32
202, 210
193, 161
320, 202
292, 140
311, 153
190, 92
350, 81
140, 271
200, 322
162, 30
181, 43
280, 22
10, 161
362, 320
381, 333
193, 282
353, 271
100, 91
232, 210
223, 161
350, 202
80, 341
80, 112
322, 140
341, 153
112, 330
93, 51
220, 92
10, 282
170, 271
230, 322
271, 323
211, 43
192, 30
40, 161
293, 341
100, 212
141, 213
223, 282
383, 271
130, 91
262, 210
281, 223
93, 172
253, 161
151, 113
371, 153
142, 330
183, 331
123, 51
250, 92
183, 102
40, 282
301, 323
241, 43
12, 220
53, 221
70, 161
130, 212
171, 213
0, 102
253, 282
13, 41
123, 172
213, 331
153, 51
213, 102
70, 282
42, 220
83, 221
201, 213
13, 162
153, 172
23, 62
113, 221
370, 291
310, 11
392, 50
240, 181
110, 71
330, 111
200, 1
310, 132
122, 310
323, 71
240, 302
340, 11
212, 240
231, 253
270, 181
330, 232
140, 71
352, 250
200, 122
150, 301
222, 140
323, 192
230, 1
20, 191
340, 132
381, 133
152, 310
193, 82
353, 71
143, 261
270, 302
210, 22
242, 240
261, 253
283, 12
140, 192
300, 181
112, 130
131, 143
170, 71
103, 81
230, 122
20, 312
1, 33
293, 141
100, 12
353, 192
50, 191
182, 310
223, 82
383, 71
173, 261
300, 302
30, 212
272, 240
291, 253
313, 12
43, 151
170, 192
103, 202
142, 130
161, 143
133, 81
12, 20
50, 312
31, 33
91, 313
130, 12
383, 192
253, 82
43, 272
203, 261
101, 213
343, 12
73, 151
133, 202
191, 143
3, 321
3, 92
163, 81
42, 20
121, 313
61, 33
73, 272
163, 202
33, 321
33, 92
360, 221
380, 321
360, 342
373, 281
63, 321
63, 92
390, 221
202, 170
260, 111
342, 150
361, 163
72, 60
190, 281
190, 52
231, 53
60, 171
280, 211
352, 50
390, 342
150, 101
260, 232
273, 171
372, 150
391, 163
162, 340
102, 60
143, 61
363, 101
220, 281
160, 1
280, 332
220, 52
261, 53
32, 230
51, 243
90, 171
150, 222
141, 173
172, 240
20, 112
273, 292
180, 101
331, 233
143, 182
303, 171
363, 222
160, 122
192, 340
132, 60
173, 61
233, 112
393, 101
30, 12
250, 281
250, 52
291, 53
62, 230
81, 243
103, 2
120, 171
53, 181
180, 222
171, 173
50, 112
303, 292
243, 12
0, 291
41, 63
173, 182
333, 171
393, 222
203, 61
263, 112
120, 292
53, 302
92, 230
111, 243
133, 2
83, 181
333, 292
71, 63
203, 182
23, 251
83, 302
163, 2
113, 181
302, 80
11, 133
360, 21
392, 10
380, 121
110, 31
113, 302
360, 142
310, 321
332, 80
122, 270
390, 21
380, 242
110, 152
200, 311
140, 31
280, 11
390, 142
340, 321
362, 80
381, 93
152, 270
193, 271
260, 32
193, 42
210, 211
292, 250
311, 263
22, 160
283, 201
80, 101
140, 152
181, 153
10, 271
10, 42
51, 43
230, 311
170, 31
271, 83
100, 201
293, 101
210, 332
172, 40
182, 270
223, 271
283, 322
223, 42
80, 222
322, 250
341, 263
363, 22
52, 160
93, 161
313, 201
170, 152
211, 153
1, 343
183, 91
40, 271
100, 322
40, 42
293, 222
81, 43
301, 83
91, 273
130, 201
281, 333
93, 282
253, 271
0, 91
313, 322
371, 263
393, 22
123, 161
82, 160
183, 212
343, 201
241, 153
12, 330
31, 343
53, 102
213, 91
70, 271
3, 281
130, 322
70, 42
111, 43
121, 273
0, 212
123, 282
343, 322
153, 161
213, 212
42, 330
61, 343
23, 51
83, 102
33, 281
21, 163
370, 51
153, 282
382, 290
113, 102
63, 281
252, 180
310, 121
370, 172
122, 70
342, 110
240, 62
212, 0
330, 221
60, 131
200, 111
310, 242
282, 180
340, 121
152, 70
372, 110
210, 11
330, 342
270, 62
60, 252
242, 0
321, 293
283, 1
90, 131
222, 250
230, 111
20, 301
340, 242
312, 180
331, 193
210, 132
143, 142
160, 311
182, 70
283, 122
233, 301
300, 62
30, 201
90, 252
131, 253
272, 0
351, 293
313, 1
103, 191
120, 131
1, 143
221, 183
293, 22
50, 301
243, 201
91, 73
173, 142
30, 322
313, 122
2, 260
43, 261
103, 312
263, 301
43, 32
120, 252
161, 253
343, 1
133, 191
31, 143
243, 322
251, 183
3, 81
121, 73
343, 122
73, 261
133, 312
73, 32
191, 253
3, 202
163, 191
61, 143
33, 81
290, 151
163, 312
33, 202
360, 331
382, 90
373, 41
63, 81
290, 272
320, 151
380, 202
190, 41
373, 162
63, 202
390, 331
202, 280
260, 221
320, 272
72, 170
292, 210
190, 162
350, 151
162, 100
280, 321
220, 41
60, 52
280, 92
10, 231
321, 93
51, 3
260, 342
232, 280
172, 0
273, 52
350, 272
102, 170
322, 210
363, 211
160, 111
220, 162
192, 100
233, 101
30, 1
90, 52
250, 41
40, 231
351, 93
141, 283
81, 3
180, 211
262, 280
281, 293
363, 332
303, 52
243, 1
160, 232
93, 242
132, 170
151, 183
233, 222
393, 211
250, 162
2, 60
263, 101
53, 291
120, 52
70, 231
171, 283
111, 3
243, 122
41, 173
13, 111
393, 332
333, 52
123, 242
263, 222
83, 291
23, 11
201, 283
13, 232
71, 173
153, 242
23, 132
113, 291
302, 190
11, 243
392, 120
290, 72
240, 251
380, 2
110, 141
200, 71
332, 190
323, 141
212, 310
193, 31
320, 72
110, 262
270, 251
292, 10
330, 302
311, 23
140, 141
200, 192
10, 31
230, 71
323, 262
362, 190
381, 203
193, 152
353, 141
210, 321
232, 80
22, 270
242, 310
283, 311
223, 31
350, 72
80, 211
283, 82
140, 262
300, 251
322, 10
341, 23
112, 200
10, 152
170, 141
230, 192
271, 193
1, 103
40, 31
293, 211
100, 82
353, 262
223, 152
383, 141
80, 332
262, 80
281, 93
52, 270
272, 310
313, 311
253, 31
93, 42
313, 82
170, 262
371, 23
142, 200
183, 201
40, 152
293, 332
301, 193
12, 90
31, 103
70, 31
130, 82
383, 262
253, 152
43, 342
82, 270
101, 283
183, 322
123, 42
343, 311
343, 82
213, 201
70, 152
42, 90
61, 103
201, 83
13, 32
73, 342
213, 322
153, 42
21, 273
370, 161
240, 51
252, 290
370, 282
310, 2
342, 220
361, 233
240, 172
212, 110
231, 123
270, 51
330, 102
60, 241
352, 120
150, 171
282, 290
222, 10
323, 62
20, 61
273, 241
340, 2
372, 220
391, 233
143, 131
270, 172
242, 110
261, 123
32, 300
300, 51
233, 61
90, 241
112, 0
150, 292
131, 13
20, 182
180, 171
312, 290
331, 303
353, 62
50, 61
303, 241
143, 252
173, 131
300, 172
30, 311
233, 182
30, 82
272, 110
291, 123
62, 300
103, 301
43, 21
103, 72
120, 241
142, 0
221, 293
161, 13
180, 292
243, 311
50, 182
383, 62
173, 252
333, 241
43, 142
203, 131
263, 182
101, 83
92, 300
133, 301
73, 21
133, 72
251, 293
191, 13
203, 252
73, 142
163, 301
163, 72
11, 203
360, 91
290, 261
290, 32
380, 191
360, 212
373, 151
390, 91
202, 40
320, 261
380, 312
320, 32
361, 33
190, 151
373, 272
280, 81
390, 212
193, 341
260, 102
292, 320
232, 40
311, 333
273, 41
190, 272
350, 261
350, 32
391, 33
162, 210
181, 223
220, 151
280, 202
10, 341
32, 100
51, 113
150, 92
100, 271
141, 43
172, 110
273, 162
223, 341
80, 292
322, 320
262, 40
303, 41
341, 333
363, 92
93, 231
220, 272
192, 210
211, 223
250, 151
183, 161
40, 341
62, 100
81, 113
53, 51
180, 92
130, 271
171, 43
303, 162
0, 161
253, 341
151, 293
333, 41
371, 333
393, 92
123, 231
250, 272
183, 282
241, 223
53, 172
213, 161
70, 341
92, 100
111, 113
83, 51
0, 282
201, 43
13, 221
333, 162
203, 52
153, 231
213, 282
23, 121
83, 172
13, 342
113, 51
11, 3
23, 242
113, 172
360, 12
310, 191
392, 230
122, 140
240, 132
110, 251
110, 22
330, 291
200, 181
310, 312
323, 251
390, 12
340, 191
152, 140
193, 141
210, 81
270, 132
311, 133
22, 30
283, 71
140, 251
200, 302
140, 22
181, 23
222, 320
230, 181
340, 312
381, 313
100, 71
193, 262
353, 251
210, 202
182, 140
223, 141
283, 192
80, 92
300, 132
341, 133
112, 310
52, 30
93, 31
131, 323
313, 71
170, 251
103, 261
230, 302
170, 22
211, 23
1, 213
293, 321
100, 192
293, 92
91, 143
130, 71
383, 251
223, 262
253, 141
313, 192
43, 331
371, 133
142, 310
82, 30
161, 323
123, 31
183, 82
343, 71
133, 261
241, 23
12, 200
31, 213
3, 151
130, 192
121, 143
0, 82
253, 262
343, 192
73, 331
191, 323
153, 31
213, 82
3, 272
163, 261
42, 200
61, 213
33, 151
21, 33
33, 272
382, 160
63, 151
252, 50
370, 42
190, 111
330, 91
60, 1
63, 272
310, 112
260, 291
342, 330
282, 50
361, 343
72, 240
190, 232
231, 233
60, 122
321, 163
352, 230
150, 281
90, 1
222, 120
20, 171
340, 112
372, 330
312, 50
391, 343
331, 63
102, 240
143, 241
210, 2
363, 281
143, 12
160, 181
220, 232
261, 233
233, 171
30, 71
90, 122
131, 123
351, 163
103, 61
20, 292
180, 281
120, 1
221, 53
50, 171
243, 71
160, 302
132, 240
173, 241
233, 292
393, 281
173, 12
30, 192
250, 232
291, 233
2, 130
43, 131
103, 182
263, 171
120, 122
161, 123
133, 61
50, 292
243, 192
251, 53
41, 243
203, 241
263, 292
203, 12
73, 131
133, 182
191, 123
3, 72
163, 61
71, 243
290, 21
163, 182
302, 260
11, 313
33, 72
360, 201
392, 190
290, 142
380, 301
320, 21
380, 72
110, 211
360, 322
332, 260
373, 32
63, 72
390, 201
202, 150
260, 91
320, 142
72, 40
110, 332
292, 80
190, 32
350, 21
140, 211
280, 191
10, 101
390, 322
362, 260
381, 273
260, 212
193, 222
232, 150
22, 340
350, 142
80, 281
102, 40
140, 332
181, 333
322, 80
363, 81
220, 32
10, 222
170, 211
51, 223
271, 263
40, 101
293, 281
141, 153
172, 220
262, 150
281, 163
363, 202
52, 340
93, 341
160, 102
93, 112
132, 40
211, 333
170, 332
151, 53
393, 81
183, 271
250, 32
40, 222
81, 223
301, 263
53, 161
70, 101
171, 153
0, 271
0, 42
41, 43
393, 202
123, 341
82, 340
123, 112
241, 333
53, 282
213, 271
70, 222
111, 223
83, 161
201, 153
13, 102
71, 43
153, 341
153, 112
23, 231
83, 282
23, 2
113, 161
302, 60
21, 343
370, 231
240, 121
110, 11
330, 51
113, 282
310, 301
332, 60
122, 250
342, 290
323, 11
240, 242
212, 180
110, 132
270, 121
330, 172
60, 311
200, 291
140, 11
200, 62
222, 80
323, 132
340, 301
362, 60
381, 73
152, 250
372, 290
193, 22
353, 11
210, 191
270, 242
22, 140
242, 180
283, 181
80, 81
140, 132
300, 121
90, 311
112, 70
131, 83
230, 291
170, 11
10, 22
230, 62
271, 63
293, 81
353, 132
210, 312
143, 322
182, 250
283, 302
223, 22
383, 11
300, 242
52, 140
272, 180
313, 181
43, 91
170, 132
1, 323
120, 311
142, 70
161, 83
40, 22
293, 202
301, 63
91, 253
383, 132
173, 322
313, 302
253, 22
43, 212
82, 140
101, 153
343, 181
73, 91
31, 323
3, 261
70, 22
121, 253
343, 302
73, 212
61, 323
33, 261
290, 331
21, 143
370, 31
382, 270
373, 221
63, 261
252, 160
370, 152
320, 331
342, 90
361, 103
190, 221
60, 111
280, 151
373, 342
150, 41
282, 160
273, 111
190, 342
350, 331
372, 90
391, 103
162, 280
143, 1
60, 232
220, 221
280, 272
321, 273
32, 170
51, 183
90, 111
150, 162
172, 180
20, 52
273, 232
180, 41
312, 160
331, 173
143, 122
303, 111
160, 291
363, 162
220, 342
160, 62
192, 280
233, 281
173, 1
30, 181
233, 52
90, 232
250, 221
351, 273
62, 170
81, 183
120, 111
180, 162
221, 163
243, 181
50, 52
303, 232
173, 122
333, 111
393, 162
250, 342
2, 240
43, 12
203, 1
263, 281
263, 52
120, 232
92, 170
111, 183
243, 302
251, 163
13, 291
333, 232
203, 122
73, 12
23, 191
302, 20
11, 73
290, 131
23, 312
380, 61
360, 82
392, 300
332, 20
373, 21
290, 252
320, 131
380, 182
110, 321
200, 251
373, 142
323, 321
390, 82
362, 20
193, 211
320, 252
292, 190
311, 203
350, 131
140, 321
80, 41
162, 80
181, 93
220, 21
280, 72
10, 211
230, 251
271, 23
193, 332
100, 141
353, 321
232, 260
273, 32
223, 211
350, 252
283, 262
80, 162
322, 190
341, 203
93, 101
10, 332
170, 321
192, 80
211, 93
1, 283
250, 21
183, 31
40, 211
100, 262
301, 23
223, 332
383, 321
130, 141
262, 260
281, 273
303, 32
93, 222
253, 211
0, 31
313, 262
151, 163
371, 203
123, 101
183, 152
40, 332
241, 93
12, 270
31, 283
53, 42
213, 31
70, 211
130, 262
171, 263
0, 152
253, 332
13, 91
333, 32
123, 222
343, 262
153, 101
213, 152
70, 332
42, 270
61, 283
83, 42
201, 263
13, 212
153, 222
23, 112
113, 42
252, 120
370, 341
310, 61
370, 112
122, 10
240, 231
240, 2
330, 161
200, 51
310, 182
282, 120
323, 121
340, 61
212, 290
152, 10
193, 11
231, 303
270, 231
330, 282
270, 2
311, 3
352, 300
200, 172
222, 190
323, 242
230, 51
20, 241
340, 182
312, 120
353, 121
143, 311
210, 72
242, 290
182, 10
261, 303
223, 11
283, 62
300, 231
233, 241
300, 2
341, 3
112, 180
30, 141
131, 193
103, 131
230, 172
1, 83
221, 123
100, 62
353, 242
50, 241
91, 13
223, 132
383, 121
173, 311
30, 262
272, 290
291, 303
253, 11
313, 62
43, 201
103, 252
371, 3
142, 180
161, 193
133, 131
12, 70
31, 83
251, 123
3, 21
130, 62
383, 242
121, 13
253, 132
43, 322
203, 311
101, 263
343, 62
73, 201
133, 252
191, 193
3, 142
163, 131
42, 70
61, 83
33, 21
73, 322
163, 252
33, 142
360, 271
382, 30
63, 21
290, 212
373, 331
63, 142
390, 271
202, 220
260, 161
320, 212
361, 213
72, 110
190, 331
190, 102
231, 103
280, 261
321, 33
352, 100
150, 151
260, 282
232, 220
273, 221
20, 41
350, 212
391, 213
102, 110
143, 111
363, 151
220, 331
160, 51
220, 102
261, 103
32, 280
51, 293
233, 41
150, 272
351, 33
141, 223
172, 290
20, 162
273, 342
180, 151
262, 220
50, 41
303, 221
363, 272
160, 172
132, 110
173, 111
233, 162
393, 151
250, 331
30, 62
183, 341
250, 102
291, 103
62, 280
2, 0
81, 293
103, 52
263, 41
53, 231
180, 272
171, 223
50, 162
303, 342
243, 62
0, 341
41, 113
333, 221
393, 272
203, 111
263, 162
213, 341
92, 280
111, 293
133, 52
83, 231
201, 223
333, 342
13, 172
71, 113
203, 232
23, 301
163, 52
113, 231
302, 130
11, 183
360, 71
392, 60
290, 12
380, 171
110, 81
360, 192
332, 130
122, 320
390, 71
202, 20
240, 312
320, 12
110, 202
140, 81
390, 192
362, 130
381, 143
152, 320
193, 321
260, 82
193, 92
210, 261
232, 20
311, 313
270, 312
22, 210
283, 251
350, 12
80, 151
140, 202
181, 203
10, 92
170, 81
271, 133
100, 251
293, 151
100, 22
141, 23
182, 320
223, 321
223, 92
80, 272
262, 20
341, 313
300, 312
52, 210
93, 211
281, 33
313, 251
170, 202
211, 203
183, 141
40, 92
293, 272
301, 133
12, 30
91, 323
53, 31
130, 251
171, 23
0, 141
253, 321
253, 92
371, 313
82, 210
123, 211
183, 262
343, 251
241, 203
53, 152
213, 141
3, 331
70, 92
42, 30
121, 323
83, 31
0, 262
201, 23
153, 211
213, 262
83, 152
33, 331
113, 31
21, 213
370, 101
382, 340
113, 152
63, 331
252, 230
310, 171
370, 222
122, 120
342, 160
240, 112
190, 291
212, 50
231, 63
330, 271
110, 2
330, 42
60, 181
310, 292
282, 230
323, 2
340, 171
152, 120
372, 160
210, 61
143, 71
270, 112
22, 10
60, 302
242, 50
321, 343
283, 51
140, 2
90, 181
222, 300
20, 122
340, 292
312, 230
331, 243
353, 2
210, 182
143, 192
182, 120
173, 71
300, 112
30, 251
52, 10
131, 303
90, 302
272, 50
351, 343
313, 51
103, 241
170, 2
120, 181
221, 233
293, 72
243, 251
50, 122
91, 123
383, 2
173, 192
2, 310
43, 311
43, 82
203, 71
82, 10
161, 303
101, 23
120, 302
343, 51
133, 241
251, 233
3, 131
121, 123
203, 192
73, 311
73, 82
191, 303
3, 252
163, 241
33, 131
290, 201
21, 13
380, 131
33, 252
382, 140
373, 91
63, 131
290, 322
320, 201
380, 252
190, 91
373, 212
63, 252
280, 21
202, 330
260, 271
320, 322
260, 42
72, 220
292, 260
190, 212
350, 201
162, 150
181, 163
60, 102
220, 91
280, 142
321, 143
10, 281
32, 40
51, 53
150, 32
232, 330
172, 50
273, 102
350, 322
331, 43
102, 220
322, 260
363, 261
160, 161
363, 32
220, 212
93, 171
192, 150
90, 102
250, 91
351, 143
40, 281
62, 40
141, 333
81, 53
180, 32
262, 330
281, 343
243, 51
303, 102
160, 282
93, 292
132, 220
151, 233
393, 261
393, 32
123, 171
250, 212
2, 110
263, 151
53, 341
120, 102
70, 281
92, 40
171, 333
111, 53
243, 172
0, 222
41, 223
13, 161
333, 102
123, 292
153, 171
83, 341
23, 61
201, 333
13, 282
71, 223
153, 292
290, 1
23, 182
113, 341
302, 240
392, 170
240, 301
320, 1
380, 52
110, 191
330, 231
200, 121
332, 240
373, 12
323, 191
193, 81
110, 312
270, 301
210, 21
292, 60
311, 73
350, 1
283, 11
140, 191
200, 242
10, 81
323, 312
230, 121
362, 240
381, 253
193, 202
100, 11
353, 191
210, 142
22, 320
223, 81
80, 261
283, 132
140, 312
300, 301
80, 32
322, 60
341, 73
112, 250
131, 263
313, 11
10, 202
170, 191
230, 242
271, 243
1, 153
40, 81
293, 261
100, 132
353, 312
223, 202
383, 191
130, 11
281, 143
52, 320
93, 92
253, 81
313, 132
43, 271
170, 312
151, 33
371, 73
142, 250
161, 263
183, 22
343, 11
40, 202
301, 243
12, 140
31, 153
70, 81
130, 132
383, 312
0, 22
253, 202
82, 320
101, 333
123, 92
343, 132
73, 271
213, 22
70, 202
42, 140
61, 153
153, 92
382, 100
21, 323
370, 211
240, 101
330, 31
252, 340
370, 332
310, 52
342, 270
361, 283
212, 160
231, 173
270, 101
330, 152
60, 291
280, 331
321, 103
352, 170
200, 42
150, 221
282, 340
222, 60
323, 112
20, 111
273, 291
340, 52
372, 270
391, 283
143, 181
160, 121
242, 160
261, 173
300, 101
233, 111
90, 291
30, 11
150, 342
112, 50
131, 63
351, 103
103, 1
230, 42
20, 232
180, 221
312, 340
353, 112
143, 302
303, 291
50, 111
363, 342
160, 242
173, 181
233, 232
30, 132
272, 160
291, 173
43, 71
103, 122
263, 111
120, 291
142, 50
221, 343
161, 63
180, 342
133, 1
50, 232
383, 112
173, 302
333, 291
393, 342
43, 192
203, 181
263, 232
101, 133
73, 71
133, 122
251, 343
191, 63
3, 12
163, 1
203, 302
73, 192
163, 122
302, 200
11, 253
33, 12
360, 141
290, 311
290, 82
380, 241
360, 262
332, 200
373, 201
63, 12
390, 141
202, 90
320, 311
260, 31
320, 82
361, 83
373, 322
280, 131
390, 262
362, 200
150, 21
260, 152
232, 90
273, 91
350, 311
350, 82
80, 221
391, 83
162, 260
181, 273
363, 21
220, 201
280, 252
32, 150
51, 163
271, 203
150, 142
100, 321
141, 93
172, 160
273, 212
180, 21
80, 342
262, 90
303, 91
363, 142
93, 281
160, 42
192, 260
211, 273
233, 32
393, 21
250, 201
183, 211
62, 150
81, 163
301, 203
53, 101
180, 142
130, 321
171, 93
303, 212
0, 211
151, 343
333, 91
393, 142
123, 281
183, 332
241, 273
263, 32
53, 222
213, 211
92, 150
111, 163
83, 101
0, 332
201, 93
13, 271
333, 212
13, 42
153, 281
213, 332
23, 171
83, 222
113, 101
302, 0
11, 53
240, 61
23, 292
113, 222
252, 300
360, 62
310, 241
332, 0
370, 292
122, 190
240, 182
330, 341
270, 61
110, 72
200, 231
282, 300
323, 301
390, 62
323, 72
340, 241
362, 0
381, 13
152, 190
193, 191
210, 131
270, 182
311, 183
22, 80
283, 121
80, 21
140, 72
300, 61
112, 10
230, 231
271, 3
312, 300
100, 121
293, 21
353, 301
353, 72
210, 252
182, 190
223, 191
283, 242
80, 142
300, 182
30, 321
341, 183
52, 80
313, 121
170, 301
103, 311
170, 72
211, 73
1, 263
142, 10
221, 303
183, 11
100, 242
293, 142
301, 3
91, 193
223, 312
130, 121
383, 301
383, 72
0, 11
253, 191
313, 242
371, 183
82, 80
101, 93
183, 132
343, 121
133, 311
241, 73
12, 250
31, 263
53, 22
213, 11
251, 303
3, 201
130, 242
121, 193
253, 312
343, 242
213, 132
3, 322
163, 311
42, 250
61, 263
83, 22
33, 201
21, 83
33, 322
382, 210
113, 22
63, 201
252, 100
310, 41
370, 92
342, 30
190, 161
60, 51
63, 322
310, 162
260, 341
282, 100
72, 290
340, 41
273, 51
190, 282
231, 283
372, 30
60, 172
220, 161
321, 213
352, 280
32, 110
150, 331
90, 51
222, 170
20, 221
340, 162
273, 172
312, 100
331, 113
102, 290
143, 291
363, 331
143, 62
160, 231
220, 282
261, 283
233, 221
30, 121
90, 172
250, 161
351, 213
62, 110
103, 111
20, 342
180, 331
120, 51
221, 103
50, 221
243, 121
303, 172
132, 290
173, 291
233, 342
393, 331
173, 62
30, 242
250, 282
291, 283
2, 180
103, 232
263, 221
120, 172
92, 110
133, 111
50, 342
243, 242
251, 103
41, 293
3, 1
333, 172
203, 291
263, 342
203, 62
133, 232
191, 173
3, 122
163, 111
71, 293
33, 1
290, 71
380, 1
163, 232
302, 310
33, 122
360, 251
360, 22
392, 240
63, 1
290, 192
320, 71
380, 122
110, 261
332, 310
373, 82
63, 122
390, 251
390, 22
202, 200
260, 141
193, 151
320, 192
72, 90
292, 130
190, 82
350, 71
140, 261
162, 20
181, 33
280, 12
10, 151
362, 310
381, 323
260, 262
193, 272
232, 200
223, 151
350, 192
80, 331
102, 90
322, 130
363, 131
93, 41
220, 82
10, 272
170, 261
192, 20
271, 313
211, 33
40, 151
293, 331
100, 202
141, 203
223, 272
262, 200
281, 213
93, 162
253, 151
132, 90
151, 103
393, 131
183, 321
123, 41
250, 82
40, 272
301, 313
241, 33
12, 210
53, 211
70, 151
171, 203
243, 42
0, 321
0, 92
253, 272
41, 93
13, 31
123, 162
53, 332
213, 321
153, 41
70, 272
42, 210
83, 211
201, 203
13, 152
71, 93
153, 162
83, 332
23, 52
113, 211
370, 281
392, 40
240, 171
110, 61
330, 101
113, 332
310, 122
122, 300
342, 340
323, 61
240, 292
212, 230
231, 243
110, 182
270, 171
330, 222
140, 61
200, 112
222, 130
323, 182
340, 122
381, 123
152, 300
372, 340
193, 72
353, 61
210, 241
143, 251
270, 292
210, 12
22, 190
242, 230
283, 231
283, 2
140, 182
300, 171
112, 120
131, 133
10, 72
170, 61
230, 112
20, 302
1, 23
293, 131
100, 2
353, 182
182, 300
223, 72
383, 61
173, 251
300, 292
281, 13
52, 190
272, 230
313, 231
313, 2
43, 141
170, 182
142, 120
161, 133
40, 72
293, 252
12, 10
91, 303
31, 23
50, 302
130, 2
383, 182
253, 72
43, 262
203, 251
82, 190
101, 203
343, 231
343, 2
73, 141
191, 133
3, 311
70, 72
3, 82
42, 10
121, 303
61, 23
73, 262
33, 311
33, 82
21, 193
370, 81
380, 311
382, 320
373, 271
63, 311
63, 82
342, 140
361, 153
190, 271
212, 30
231, 43
330, 22
60, 161
280, 201
352, 40
150, 91
260, 222
273, 161
372, 140
391, 153
162, 330
143, 51
181, 343
363, 91
60, 282
220, 271
280, 322
321, 323
261, 43
242, 30
32, 220
51, 233
90, 161
150, 212
172, 230
20, 102
180, 91
273, 282
331, 223
143, 172
303, 161
160, 341
363, 212
160, 112
192, 330
173, 51
233, 102
393, 91
90, 282
30, 2
250, 271
272, 30
351, 323
291, 43
62, 220
81, 233
120, 161
180, 212
243, 231
50, 102
303, 282
243, 2
173, 172
333, 161
393, 212
2, 290
43, 62
203, 51
263, 331
263, 102
120, 282
92, 220
111, 233
13, 341
333, 282
203, 172
73, 62
23, 241
302, 70
11, 123
360, 11
290, 181
380, 111
360, 132
332, 70
373, 71
390, 11
320, 181
380, 232
200, 301
373, 192
280, 1
390, 132
362, 70
193, 261
260, 22
292, 240
311, 253
350, 181
283, 191
80, 91
162, 130
181, 143
280, 122
10, 261
10, 32
51, 33
230, 301
271, 73
150, 12
100, 191
210, 322
172, 30
223, 261
283, 312
80, 212
322, 240
341, 253
363, 12
93, 151
313, 191
192, 130
211, 143
1, 333
183, 81
40, 261
100, 312
40, 32
81, 33
301, 73
180, 12
130, 191
281, 323
0, 81
93, 272
253, 261
313, 312
151, 213
371, 253
393, 12
123, 151
183, 202
343, 191
241, 143
12, 320
31, 333
53, 92
213, 81
70, 261
130, 312
70, 32
111, 33
0, 202
13, 141
123, 272
343, 312
153, 151
213, 202
42, 320
61, 333
23, 41
83, 92
370, 41
153, 272
23, 162
382, 280
113, 92
252, 170
310, 111
370, 162
122, 60
240, 281
240, 52
330, 211
200, 101
310, 232
282, 170
323, 171
340, 111
212, 340
152, 60
270, 281
210, 1
330, 332
270, 52
311, 53
321, 283
200, 222
222, 240
230, 101
323, 292
20, 291
340, 232
312, 170
353, 171
210, 122
160, 301
242, 340
182, 60
283, 112
300, 281
80, 12
233, 291
300, 52
30, 191
341, 53
112, 230
131, 243
351, 283
103, 181
230, 222
1, 133
221, 173
353, 292
293, 12
50, 291
91, 63
383, 171
30, 312
272, 340
313, 112
43, 251
103, 302
263, 291
371, 53
142, 230
161, 243
183, 2
133, 181
31, 133
251, 173
3, 71
130, 112
383, 292
121, 63
101, 313
343, 112
73, 251
133, 302
191, 243
213, 2
3, 192
163, 181
61, 133
33, 71
290, 141
163, 302
33, 192
360, 321
382, 80
63, 71
290, 262
320, 141
190, 31
373, 152
63, 192
390, 321
202, 270
260, 211
320, 262
361, 263
72, 160
190, 152
350, 141
162, 90
280, 311
220, 31
60, 42
321, 83
352, 150
150, 201
260, 332
232, 270
273, 271
20, 91
273, 42
350, 262
391, 263
102, 160
363, 201
160, 101
220, 152
