0000000000110000000000
0000000000110000000000
0000010000000000100000
0000101000000001010000
0001010000000000101000
0010100011111100010100
0001000000000000001000
0000000000000000000000
0000010000000000100000
0000010000000000100000
1100010000000000100011
1100010000000000100011
0000010000000000100000
0000010000000000100000
0000000000000000000000
0001000000000000001000
0010100011111100010100
0001010000000000101000
0000101000000001010000
0000010000000000100000
0000000000110000000000
0000000000110000000000