000000110000000000011000000
000011111100000001111110000
000010001100000001100010000
000011100011000110001110000
011100001011000110100001110
010100010011000110010001010
110100001000000000100001011
110001000001101100000100011
011010100000101000001010110
011000000010101010000000110
000111000101000101000111000
000111010010000010010111000
000000011100000001110000000
000000000000000000000000000
000000011100000001110000000
000111010010000010010111000
000111000101000101000111000
011000000010101010000000110
011010100000101000001010110
110001000001101100000100011
110100001000000000100001011
010100010011000110010001010
011100001011000110100001110
000011100011000110001110000
000010001100000001100010000
000011111100000001111110000
000000110000000000011000000