356, 96
355, 98
354, 98
355, 99
356, 99
356, 100
356, 101
355, 102
353, 100
353, 102
354, 102
361, 100
359, 101
361, 102
360, 100
362, 101
360, 102
359, 88
357, 89
358, 86
357, 86
358, 88
362, 88
363, 88
360, 87
360, 85
362, 85
356, 89
359, 92
358, 92
354, 88
354, 87
355, 86
354, 86
355, 88
370, 93
371, 94
369, 93
371, 93
370, 95
378, 111
377, 112
378, 112
377, 111
374, 113
373, 114
374, 114
373, 113
370, 117
371, 118
370, 118
371, 117
271, 97
269, 96
270, 95
269, 95
270, 97
269, 97
270, 94
270, 96
275, 89
274, 90
275, 90
274, 89
264, 94
265, 94
265, 96
265, 95
269, 93
268, 97
269, 98
266, 98
266, 99
268, 99
267, 98
266, 100
269, 100
267, 101
268, 101
267, 102
268, 102
269, 101
269, 102
291, 77
292, 77
291, 79
292, 79
289, 79
289, 80
288, 80
276, 73
275, 75
278, 72
276, 74
279, 72
280, 72
281, 72
278, 76
282, 73
283, 73
283, 74
276, 76
277, 76
276, 77
277, 77
283, 76
283, 77
280, 80
280, 79
279, 81
280, 81
282, 80
284, 80
283, 81
281, 79
283, 78
283, 80
279, 80
280, 82
281, 83
280, 83
281, 82
278, 82
279, 84
279, 83
285, 79
285, 78
286, 78
285, 85
285, 84
284, 86
283, 86
284, 85
286, 85
286, 86
283, 88
282, 88
286, 87
288, 87
287, 86
283, 87
287, 88
287, 89
288, 88
281, 88
281, 90
283, 90
282, 91
288, 91
287, 93
289, 93
290, 93
287, 92
289, 92
289, 94
301, 88
300, 89
300, 88
302, 90
302, 89
301, 91
300, 91
302, 91
254, 53
253, 52
253, 54
253, 53
251, 52
251, 54
250, 52
250, 53
250, 54
249, 52
249, 51
251, 56
250, 56
254, 58
255, 57
254, 57
255, 59
254, 59
255, 58
262, 52
263, 53
262, 53
263, 52
268, 44
267, 44
268, 48
270, 48
268, 49
270, 49
271, 49
269, 48
271, 48
267, 48
273, 47
273, 46
273, 45
270, 45
272, 44
271, 44
265, 47
266, 46
265, 46
266, 47
270, 43
269, 43
270, 42
269, 42
265, 45
266, 45
268, 43
268, 42
244, 63
244, 62
245, 63
245, 67
241, 65
246, 67
246, 69
246, 68
244, 69
243, 68
240, 66
240, 65
240, 67
240, 64
253, 65
255, 65
251, 67
250, 68
250, 67
250, 69
251, 68
255, 67
255, 66
254, 68
253, 68
253, 69
254, 64
252, 66
251, 70
255, 73
254, 75
255, 75
254, 74
256, 74
267, 65
268, 64
267, 64
268, 65
268, 69
267, 68
268, 68
267, 69
245, 77
244, 79
246, 79
245, 78
246, 81
245, 81
245, 82
245, 83
246, 73
247, 74
246, 74
247, 73
242, 73
241, 74
242, 74
241, 73
239, 78
238, 78
240, 78
237, 77
236, 77
237, 79
239, 82
240, 83
239, 83
240, 82
237, 78
235, 80
236, 81
235, 81
236, 80
235, 82
236, 82
235, 83
236, 83
240, 63
240, 62
229, 80
230, 82
233, 81
233, 80
232, 82
233, 78
226, 78
227, 80
226, 80
228, 80
229, 77
227, 79
226, 77
227, 81
226, 81
226, 82
228, 83
231, 77
233, 77
226, 84
228, 84
226, 83
226, 85
227, 84
225, 83
231, 76
227, 76
224, 81
225, 82
225, 81
233, 86
232, 86
234, 86
227, 75
228, 74
233, 76
234, 76
234, 75
236, 74
248, 39
249, 41
250, 44
246, 42
247, 39
247, 41
249, 43
246, 43
250, 50
226, 61
227, 63
229, 63
226, 65
224, 63
225, 61
224, 61
225, 63
227, 64
226, 66
229, 66
229, 65
228, 67
229, 67
226, 68
229, 64
230, 64
230, 66
229, 68
229, 70
228, 71
229, 71
226, 71
230, 69
225, 69
225, 71
225, 70
231, 65
232, 66
230, 67
233, 67
231, 66
233, 68
232, 69
221, 66
223, 62
229, 73
232, 72
236, 72
235, 71
236, 73
217, 94
218, 94
218, 93
231, 93
232, 93
230, 95
229, 96
229, 97
228, 98
229, 99
231, 98
230, 96
230, 100
222, 79
221, 78
222, 78
223, 78
221, 79
223, 79
221, 81
220, 81
223, 82
223, 83
233, 93
233, 95
231, 94
233, 94
238, 97
238, 98
237, 98
233, 99
233, 101
232, 101
231, 101
270, 61
271, 62
270, 62
271, 61
277, 49
278, 50
277, 50
278, 49
279, 52
280, 51
279, 51
281, 51
280, 52
281, 48
282, 50
281, 49
285, 49
285, 48
284, 50
285, 50
284, 49
285, 47
282, 51
283, 51
282, 46
284, 46
283, 52
283, 53
284, 53
281, 44
281, 46
282, 43
286, 48
287, 47
284, 44
285, 44
285, 46
287, 45
287, 46
283, 42
282, 42
284, 45
288, 45
289, 45
289, 47
287, 48
289, 48
290, 48
290, 49
286, 53
289, 52
287, 53
288, 53
290, 50
291, 49
290, 51
275, 57
274, 55
275, 54
276, 54
277, 54
276, 58
277, 58
278, 58
279, 55
279, 57
278, 54
280, 56
240, 105
241, 106
240, 106
241, 105
247, 101
247, 103
247, 102
246, 108
247, 108
251, 105
250, 105
252, 105
250, 107
249, 107
249, 106
253, 104
254, 106
247, 109
247, 110
250, 109
254, 103
253, 103
255, 104
255, 105
256, 105
251, 109
251, 110
252, 110
254, 109
257, 106
256, 107
256, 106
296, 49
295, 49
297, 51
296, 50
296, 48
295, 48
296, 47
299, 51
296, 46
300, 46
299, 45
300, 47
298, 44
300, 48
297, 45
301, 48
301, 49
302, 49
301, 50
316, 48
314, 49
316, 49
315, 48
315, 50
311, 56
309, 58
312, 56
312, 58
313, 58
311, 59
309, 59
310, 59
310, 60
314, 56
314, 55
314, 57
301, 55
300, 56
299, 56
301, 56
300, 57
299, 58
300, 58
302, 56
303, 57
304, 57
303, 56
303, 58
302, 58
304, 58
299, 57
299, 59
300, 59
301, 58
300, 60
302, 59
302, 60
306, 59
305, 60
304, 60
306, 60
300, 61
301, 61
302, 61
302, 63
305, 59
307, 61
307, 62
308, 62
301, 62
281, 41
282, 40
281, 40
282, 41
283, 39
284, 40
294, 56
296, 57
293, 58
295, 59
295, 56
293, 57
296, 58
294, 59
318, 66
320, 66
320, 67
316, 67
316, 68
318, 68
315, 69
316, 70
319, 66
321, 67
321, 68
322, 68
321, 69
316, 71
319, 70
320, 70
302, 30
304, 30
303, 32
304, 32
305, 31
302, 31
303, 29
297, 33
295, 34
298, 35
297, 36
296, 35
298, 34
296, 33
278, 35
280, 35
279, 34
280, 36
277, 36
279, 37
278, 37
273, 39
273, 38
273, 40
305, 66
307, 67
304, 67
304, 68
305, 69
304, 69
306, 69
310, 65
309, 65
310, 67
309, 64
310, 66
308, 67
307, 69
308, 70
308, 69
310, 69
310, 68
304, 70
305, 71
304, 71
306, 71
307, 71
302, 70
301, 71
300, 71
302, 71
301, 70
302, 72
301, 72
304, 72
304, 73
306, 73
304, 74
305, 73
307, 73
304, 75
308, 73
308, 72
310, 73
310, 74
307, 75
308, 75
310, 75
310, 76
309, 77
310, 77
305, 76
309, 78
306, 78
305, 79
305, 78
307, 78
306, 80
307, 80
320, 40
320, 42
320, 41
317, 37
318, 38
317, 38
318, 37
316, 26
315, 28
317, 28
315, 27
317, 27
316, 29
321, 16
323, 16
322, 16
319, 18
319, 20
319, 19
325, 18
325, 20
325, 19
321, 22
323, 22
322, 22
324, 0
325, 1
324, 1
325, 0
338, 15
339, 16
338, 16
339, 15
270, 108
268, 109
270, 110
269, 108
271, 109
269, 110
264, 109
262, 108
264, 107
263, 109
265, 108
263, 107
257, 115
258, 116
257, 116
258, 115
274, 137
274, 139
274, 138
264, 135
264, 134
264, 136
267, 143
266, 144
267, 144
266, 143
266, 130
268, 130
267, 130
72, 200
71, 201
72, 201
71, 200
77, 196
77, 195
77, 197
85, 179
86, 180
85, 180
86, 179
89, 180
88, 179
89, 179
88, 180
93, 190
92, 189
93, 189
92, 190
98, 197
99, 196
98, 196
99, 197
98, 189
98, 188
97, 190
99, 190
98, 191
98, 192
104, 190
103, 191
102, 191
103, 190
105, 191
104, 193
105, 192
106, 193
105, 193
107, 194
110, 189
110, 188
109, 190
108, 190
109, 189
113, 189
113, 188
111, 187
110, 187
111, 188
108, 194
108, 195
109, 195
108, 196
109, 196
110, 195
111, 197
111, 196
110, 197
112, 196
112, 195
113, 195
114, 194
112, 186
114, 187
113, 186
113, 187
117, 190
115, 189
117, 189
115, 190
115, 192
114, 192
115, 193
114, 193
87, 208
88, 209
87, 209
88, 208
65, 206
67, 206
65, 205
68, 207
68, 208
68, 209
64, 206
64, 205
67, 210
62, 205
62, 208
63, 209
67, 211
64, 212
65, 211
67, 212
65, 213
61, 208
61, 207
71, 207
72, 207
61, 206
66, 214
67, 214
60, 226
62, 226
61, 228
62, 228
63, 227
60, 227
61, 225
79, 221
82, 221
79, 224
81, 224
77, 223
78, 224
77, 224
82, 224
78, 225
84, 223
84, 222
84, 224
83, 225
85, 221
86, 221
85, 220
86, 220
96, 216
95, 215
96, 215
95, 216
92, 231
91, 232
92, 232
91, 231
97, 233
99, 233
97, 235
98, 235
99, 234
96, 234
98, 232
105, 228
106, 229
105, 229
106, 228
122, 221
122, 222
124, 219
93, 240
96, 241
95, 240
93, 241
94, 243
91, 243
93, 244
94, 244
93, 245
92, 246
90, 243
90, 245
91, 246
97, 245
99, 245
96, 246
97, 246
99, 246
100, 246
97, 248
96, 248
98, 248
99, 247
104, 258
103, 257
103, 259
104, 259
106, 258
103, 258
105, 258
107, 257
105, 256
105, 255
106, 255
101, 252
100, 252
104, 253
103, 253
105, 253
104, 254
105, 254
104, 256
110, 255
112, 255
111, 257
111, 254
110, 256
112, 256
103, 245
105, 245
104, 245
99, 266
101, 266
99, 267
103, 265
102, 264
101, 264
102, 266
103, 266
99, 268
101, 268
100, 269
100, 266
102, 265
100, 268
104, 266
100, 264
101, 263
100, 263
100, 270
101, 270
104, 267
105, 267
105, 268
104, 268
106, 268
105, 269
104, 269
104, 270
103, 270
103, 271
102, 271
102, 272
101, 271
96, 264
97, 263
98, 263
96, 265
98, 265
95, 266
93, 265
94, 266
93, 267
92, 267
94, 267
93, 266
121, 228
123, 229
120, 230
121, 231
122, 230
120, 229
122, 228
67, 262
67, 263
64, 260
63, 262
67, 264
62, 260
62, 262
64, 259
62, 261
60, 266
61, 268
62, 268
68, 260
68, 259
67, 258
66, 258
68, 258
69, 258
67, 257
65, 256
66, 256
64, 258
63, 258
63, 257
59, 267
61, 267
61, 269
62, 269
69, 266
73, 267
72, 266
72, 270
71, 270
68, 267
67, 268
67, 269
73, 272
69, 270
68, 271
69, 271
71, 272
58, 268
58, 267
59, 269
58, 269
59, 268
65, 271
65, 270
66, 272
65, 272
67, 272
64, 271
66, 271
64, 270
68, 273
69, 274
68, 274
70, 274
69, 273
62, 270
61, 271
60, 271
61, 270
66, 255
62, 254
62, 256
61, 255
57, 262
57, 264
56, 264
58, 264
69, 257
70, 257
69, 256
70, 256
57, 258
57, 259
58, 258
57, 260
56, 258
58, 259
54, 260
54, 261
56, 261
53, 262
54, 263
53, 263
54, 264
55, 264
56, 265
56, 266
55, 265
73, 273
75, 272
75, 271
74, 275
75, 275
74, 276
75, 276
85, 265
85, 264
85, 266
83, 268
83, 267
86, 268
86, 267
86, 269
84, 270
86, 271
87, 271
84, 273
85, 273
84, 272
88, 272
86, 273
88, 273
87, 274
87, 258
84, 256
84, 257
86, 258
86, 255
87, 255
88, 257
88, 256
75, 268
76, 268
77, 270
78, 271
78, 270
77, 272
77, 271
77, 273
78, 273
77, 274
76, 275
76, 276
80, 277
78, 278
80, 278
77, 278
76, 280
77, 281
76, 281
77, 282
81, 278
80, 280
83, 279
82, 278
80, 279
79, 277
81, 281
83, 281
80, 282
79, 282
81, 282
80, 281
79, 283
78, 283
84, 280
90, 268
92, 268
91, 270
90, 270
92, 270
91, 267
87, 273
89, 275
89, 276
88, 278
89, 278
92, 274
93, 274
93, 277
87, 279
88, 279
87, 280
88, 280
95, 275
95, 274
95, 276
91, 278
89, 279
91, 279
92, 279
90, 278
91, 280
90, 280
91, 281
90, 281
89, 280
89, 281
90, 282
89, 282
91, 282
90, 283
91, 283
91, 284
92, 285
92, 286
95, 283
94, 284
95, 284
94, 283
94, 285
95, 285
94, 286
95, 286
95, 287
92, 288
93, 289
92, 287
94, 288
116, 268
118, 268
117, 268
111, 275
110, 276
111, 276
110, 275
73, 287
74, 288
73, 288
74, 287
74, 289
75, 289
69, 288
68, 287
69, 287
68, 288
77, 288
76, 290
78, 287
77, 289
79, 287
79, 286
79, 288
80, 287
74, 291
81, 288
75, 290
81, 289
82, 290
84, 291
83, 290
78, 292
80, 292
74, 292
73, 292
75, 292
74, 293
84, 292
83, 292
85, 292
84, 293
79, 291
79, 293
75, 294
76, 294
77, 295
77, 296
78, 297
83, 294
82, 294
81, 295
81, 296
80, 297
79, 297
79, 296
79, 298
63, 296
65, 296
64, 295
64, 297
65, 294
64, 296
65, 298
66, 294
66, 293
66, 295
67, 294
66, 298
66, 297
66, 299
67, 298
68, 297
68, 296
67, 296
69, 296
68, 295
62, 301
63, 302
62, 302
63, 301
55, 273
57, 273
57, 272
57, 274
56, 274
47, 262
48, 263
47, 263
48, 262
57, 253
57, 252
57, 251
56, 251
56, 253
57, 250
54, 250
53, 249
54, 248
56, 248
62, 251
60, 250
61, 249
61, 251
63, 250
64, 250
60, 248
64, 248
62, 247
61, 247
61, 246
45, 272
47, 272
46, 272
43, 274
43, 276
43, 275
49, 274
49, 276
49, 275
45, 278
47, 278
46, 278
52, 289
52, 290
54, 291
54, 292
51, 289
53, 291
51, 292
46, 291
46, 293
47, 293
44, 293
43, 291
43, 293
44, 290
43, 290
51, 294
47, 297
49, 297
48, 296
49, 298
55, 295
54, 295
55, 294
47, 298
48, 299
47, 299
42, 291
42, 292
48, 300
41, 287
40, 289
42, 289
44, 288
43, 287
42, 286
41, 288
43, 288
40, 290
39, 290
40, 292
40, 291
43, 300
43, 302
43, 301
49, 302
49, 301
45, 304
47, 304
46, 304
56, 300
55, 301
56, 301
55, 300
35, 290
35, 289
35, 291
31, 285
30, 287
32, 287
30, 286
32, 286
31, 288
120, 249
119, 251
120, 251
119, 250
121, 250
387, 81
387, 80
389, 80
388, 79
388, 81
388, 74
387, 75
387, 74
388, 76
389, 75
290, 184
290, 183
290, 185
287, 187
286, 187
288, 187
293, 187
292, 187
294, 187
290, 190
290, 189
290, 191
301, 185
302, 186
301, 186
302, 185
298, 201
297, 203
298, 203
297, 202
299, 202
2, 92
3, 91
2, 91
3, 92
12, 78
11, 79
12, 79
11, 78
17, 87
17, 86
17, 88
10, 85
11, 86
10, 86
11, 85
6, 87
5, 88
6, 88
5, 87
17, 97
16, 98
17, 98
16, 97
11, 97
12, 98
11, 98
12, 97
10, 71
11, 72
10, 72
11, 71
17, 69
17, 71
17, 70
6, 70
5, 69
6, 69
5, 70
17, 60
16, 59
17, 59
16, 60
11, 59
12, 60
11, 60
12, 59
46, 93
46, 92
46, 94
43, 96
42, 96
44, 96
49, 96
48, 96
50, 96
46, 99
46, 98
46, 100
36, 115
34, 116
36, 117
35, 115
37, 116
35, 117
35, 120
37, 121
35, 122
36, 123
37, 122
34, 121
36, 120
31, 121
30, 122
31, 122
30, 121
23, 113
25, 113
24, 113
21, 115
21, 117
21, 116
27, 115
27, 117
27, 116
23, 119
25, 119
24, 119
40, 107
41, 108
40, 108
41, 107
44, 122
46, 122
45, 124
46, 124
47, 123
44, 123
45, 121
53, 125
51, 126
53, 126
52, 125
52, 127
60, 138
60, 137
60, 139
57, 141
56, 141
58, 141
63, 141
62, 141
64, 141
60, 144
60, 143
60, 145
48, 143
49, 142
48, 142
49, 143
25, 139
25, 140
27, 140
26, 139
26, 141
32, 145
32, 147
31, 146
33, 146
29, 149
27, 150
30, 151
28, 152
28, 149
30, 150
27, 151
29, 152
53, 119
54, 120
53, 120
54, 119
58, 121
57, 122
57, 121
58, 123
59, 122
55, 110
54, 111
55, 111
54, 110
51, 114
50, 115
51, 115
50, 114
50, 106
49, 107
49, 106
50, 108
51, 107
67, 124
65, 125
68, 126
66, 127
66, 124
68, 125
65, 126
67, 127
67, 85
69, 85
68, 87
68, 84
67, 86
69, 86
54, 101
53, 100
54, 100
53, 101
80, 86
80, 85
81, 87
82, 87
79, 86
81, 86
80, 88
78, 87
78, 88
79, 88
83, 95
83, 96
79, 95
78, 96
77, 96
80, 96
78, 95
80, 97
77, 97
82, 96
82, 98
82, 97
77, 98
77, 99
79, 99
78, 100
79, 100
92, 92
91, 93
92, 93
91, 92
60, 69
59, 68
60, 68
59, 69
69, 71
67, 72
69, 73
68, 71
70, 72
68, 73
77, 58
79, 58
78, 57
79, 57
77, 59
77, 60
80, 60
78, 61
77, 61
80, 61
79, 62
78, 62
82, 59
82, 61
83, 61
82, 60
83, 62
78, 69
80, 69
78, 70
79, 69
79, 71
80, 71
80, 72
81, 71
81, 70
82, 70
91, 65
92, 64
91, 64
92, 65
106, 88
108, 88
107, 88
104, 90
104, 92
104, 91
110, 90
110, 92
110, 91
106, 94
108, 94
107, 94
19, 139
18, 139
20, 139
363, 72
365, 73
363, 74
364, 72
362, 73
364, 74
359, 79
358, 78
359, 78
358, 79
368, 68
370, 68
369, 70
369, 67
368, 69
370, 69
366, 63
367, 62
366, 62
367, 63
372, 59
373, 58
373, 60
374, 57
375, 57
376, 60
376, 59
376, 57
376, 56
376, 58
375, 60
377, 58
378, 58
377, 57
377, 60
380, 59
381, 61
379, 62
378, 62
378, 63
379, 64
380, 64
379, 63
381, 62
49, 102
50, 103
49, 103
50, 102
25, 18
25, 17
27, 17
26, 16
26, 18
32, 10
32, 12
31, 11
33, 11
28, 5
30, 6
27, 7
29, 8
29, 5
27, 6
30, 7
28, 8
47, 47
49, 47
48, 48
47, 48
46, 48
47, 49
46, 49
48, 51
48, 50
51, 46
50, 47
50, 52
52, 47
52, 48
52, 49
52, 51
52, 50
38, 47
37, 49
39, 49
37, 48
39, 48
38, 50
55, 50
54, 49
54, 47
55, 46
54, 45
54, 46
56, 46
56, 50
56, 51
57, 50
57, 51
56, 44
57, 44
56, 43
57, 43
59, 49
57, 48
59, 48
58, 46
60, 46
60, 45
58, 44
58, 43
54, 58
55, 59
56, 59
55, 58
54, 60
44, 64
46, 64
45, 63
46, 63
45, 66
44, 66
49, 67
50, 68
49, 68
50, 67
48, 68
47, 69
46, 71
50, 71
48, 73
47, 73
50, 72
51, 72
49, 74
52, 71
51, 73
50, 73
51, 20
52, 21
51, 21
52, 20
53, 27
53, 29
54, 29
54, 28
52, 28
66, 30
68, 31
65, 32
67, 33
67, 30
65, 31
68, 32
66, 33
104, 62
103, 63
104, 63
103, 62
105, 50
107, 51
105, 52
106, 53
107, 52
104, 51
106, 50
100, 54
101, 55
100, 55
101, 54
19, 18
18, 18
20, 18
3, 65
2, 66
3, 66
2, 65
75, 126
73, 127
75, 128
74, 126
76, 127
74, 128
48, 79
47, 78
48, 78
47, 79
75, 29
73, 30
75, 31
74, 29
76, 30
74, 31
96, 121
94, 122
96, 123
95, 121
97, 122
95, 123
82, 144
82, 143
82, 145
76, 149
77, 150
76, 150
77, 149
85, 147
84, 147
86, 147
114, 119
116, 120
114, 121
115, 119
113, 120
115, 121
116, 128
117, 127
116, 127
117, 128
120, 128
121, 127
122, 127
120, 129
123, 129
121, 128
123, 128
122, 130
121, 130
121, 131
119, 129
119, 131
119, 130
120, 132
120, 133
121, 133
126, 133
127, 132
125, 134
129, 132
130, 133
130, 132
130, 134
129, 136
130, 135
130, 136
129, 137
130, 137
125, 136
122, 136
124, 135
124, 137
125, 137
131, 137
130, 138
131, 138
130, 139
131, 139
131, 141
130, 141
132, 131
132, 130
132, 132
132, 133
133, 135
134, 131
133, 130
132, 134
134, 134
135, 133
135, 132
133, 131
120, 134
122, 134
119, 135
119, 136
120, 139
120, 140
121, 140
121, 139
121, 141
137, 142
137, 141
136, 143
137, 143
136, 142
112, 127
112, 126
112, 128
111, 133
110, 132
111, 131
110, 133
112, 132
113, 136
114, 137
113, 137
114, 136
127, 114
129, 115
127, 116
128, 117
129, 116
126, 115
128, 114
134, 104
136, 104
135, 103
134, 106
135, 106
137, 104
137, 105
136, 107
137, 106
139, 106
138, 102
138, 101
137, 101
137, 102
139, 102
137, 108
138, 108
138, 109
139, 109
140, 108
139, 107
140, 106
141, 106
141, 108
145, 106
147, 106
145, 107
147, 107
146, 109
145, 109
146, 106
146, 108
145, 110
147, 111
144, 111
146, 110
142, 113
143, 112
147, 114
144, 115
145, 115
142, 114
148, 113
148, 114
146, 115
141, 114
141, 117
140, 117
142, 117
137, 114
137, 115
136, 114
141, 118
139, 118
139, 119
140, 120
139, 120
140, 119
139, 123
138, 124
141, 123
142, 123
146, 118
145, 119
146, 119
147, 119
145, 120
148, 119
148, 118
145, 121
145, 122
148, 121
148, 122
141, 125
140, 126
139, 125
149, 119
150, 120
151, 120
149, 122
150, 122
151, 122
154, 112
154, 114
154, 113
138, 92
140, 92
140, 91
139, 90
139, 92
138, 90
138, 89
137, 90
137, 91
136, 91
153, 95
154, 96
154, 95
154, 97
153, 97
155, 98
156, 98
155, 99
156, 99
156, 96
158, 96
156, 95
158, 95
158, 97
159, 97
151, 97
151, 99
151, 98
157, 99
157, 98
157, 100
158, 99
158, 100
159, 98
160, 98
160, 99
159, 100
160, 107
159, 108
160, 108
159, 107
164, 108
163, 109
164, 109
163, 108
154, 106
153, 107
153, 106
154, 108
155, 107
163, 113
165, 113
163, 115
164, 115
165, 114
162, 114
164, 112
159, 117
159, 119
161, 119
158, 118
160, 118
160, 120
121, 111
120, 110
121, 110
120, 111
80, 154
79, 153
80, 153
79, 154
76, 162
77, 163
76, 163
77, 162
71, 174
73, 174
72, 174
106, 179
108, 179
107, 178
107, 180
91, 135
91, 137
91, 136
102, 105
102, 104
102, 106
99, 108
98, 108
100, 108
105, 108
104, 108
106, 108
102, 111
102, 110
102, 112
113, 96
114, 97
113, 97
114, 96
123, 94
122, 95
122, 94
123, 96
124, 95
114, 82
113, 82
115, 82
120, 82
119, 82
121, 82
117, 85
117, 84
117, 86
114, 75
113, 75
115, 75
117, 72
117, 71
117, 73
120, 75
119, 75
121, 75
116, 104
114, 106
117, 106
116, 107
115, 107
117, 105
115, 105
157, 124
158, 125
157, 125
158, 124
180, 96
179, 95
180, 95
178, 97
181, 95
182, 97
179, 96
181, 96
179, 99
181, 98
180, 98
181, 99
180, 99
178, 98
186, 99
186, 98
186, 100
185, 99
187, 99
184, 101
186, 102
183, 100
183, 101
185, 101
183, 102
185, 103
185, 104
186, 104
188, 106
191, 104
191, 105
189, 106
189, 107
193, 102
195, 103
196, 105
195, 104
196, 106
195, 107
193, 106
193, 107
194, 108
193, 100
192, 99
193, 99
192, 100
185, 108
184, 107
185, 109
183, 110
182, 108
182, 109
181, 88
180, 87
181, 87
180, 88
173, 106
173, 108
174, 108
174, 107
172, 107
185, 79
186, 78
185, 78
186, 79
199, 95
201, 96
199, 97
200, 98
201, 97
198, 96
200, 95
203, 83
201, 84
203, 85
202, 83
204, 84
202, 85
176, 53
178, 53
177, 52
177, 54
168, 59
166, 60
168, 61
167, 59
169, 60
167, 61
183, 54
184, 54
177, 58
178, 58
178, 60
175, 59
175, 60
175, 61
176, 62
177, 62
178, 63
179, 62
180, 64
180, 61
179, 63
181, 63
182, 63
181, 62
184, 61
185, 61
184, 60
184, 63
185, 63
184, 64
185, 62
186, 62
190, 63
189, 64
190, 64
189, 63
185, 45
186, 44
185, 44
186, 45
181, 69
180, 70
181, 70
180, 69
166, 44
166, 43
166, 45
167, 43
167, 45
167, 44
162, 46
162, 47
164, 47
168, 46
166, 47
165, 48
166, 49
170, 47
169, 48
169, 47
166, 50
167, 50
169, 49
168, 50
159, 38
158, 37
161, 37
160, 37
158, 36
157, 36
158, 35
159, 33
159, 34
160, 32
161, 31
163, 31
162, 30
164, 32
164, 34
164, 33
159, 46
159, 47
161, 47
160, 47
160, 48
161, 46
160, 50
161, 51
160, 51
161, 50
188, 71
189, 72
188, 72
189, 71
199, 64
198, 65
198, 64
199, 66
200, 65
198, 68
196, 70
199, 70
198, 71
197, 71
199, 69
197, 69
205, 63
204, 64
205, 64
204, 63
200, 58
202, 58
201, 58
212, 67
212, 68
214, 68
212, 69
214, 69
213, 68
212, 70
213, 72
211, 67
216, 69
215, 69
217, 70
218, 69
217, 73
217, 74
219, 69
220, 72
213, 73
215, 75
214, 75
216, 76
221, 70
222, 71
222, 72
223, 72
220, 75
219, 75
217, 75
220, 74
217, 76
104, 39
105, 40
104, 40
105, 39
111, 37
113, 37
112, 37
112, 44
113, 43
112, 43
113, 44
120, 32
121, 33
120, 34
121, 32
119, 33
125, 28
126, 27
127, 27
129, 28
128, 27
124, 30
124, 29
124, 31
130, 30
130, 29
130, 31
125, 32
126, 33
127, 33
129, 32
128, 33
124, 24
125, 23
124, 23
125, 24
135, 21
136, 22
135, 22
137, 22
135, 23
130, 22
132, 22
132, 21
132, 23
131, 22
142, 32
141, 31
142, 31
141, 32
133, 49
132, 51
134, 51
132, 50
134, 50
133, 52
146, 42
145, 42
147, 42
127, 52
126, 54
128, 54
126, 53
128, 53
127, 55
150, 36
151, 37
150, 37
151, 36
123, 61
122, 63
123, 63
122, 62
124, 62
210, 85
208, 86
210, 87
209, 85
211, 86
209, 87
193, 132
192, 134
194, 135
194, 134
192, 133
193, 135
194, 132
194, 131
195, 133
195, 140
194, 140
201, 141
203, 141
202, 142
202, 141
202, 143
201, 144
204, 142
204, 143
205, 144
205, 143
199, 123
201, 123
200, 122
199, 124
200, 123
200, 125
201, 125
201, 126
203, 124
202, 125
202, 124
204, 122
204, 124
207, 123
206, 122
206, 124
204, 123
203, 134
205, 134
205, 135
204, 134
201, 133
199, 134
199, 135
200, 134
202, 134
206, 132
208, 133
207, 132
199, 136
200, 137
201, 137
203, 137
204, 137
209, 136
207, 137
207, 138
206, 138
209, 138
207, 139
208, 140
210, 137
209, 140
211, 135
211, 136
210, 135
212, 135
212, 137
211, 141
210, 141
212, 141
214, 132
213, 131
214, 131
213, 133
214, 133
212, 130
211, 132
210, 132
213, 132
210, 133
211, 131
211, 133
206, 127
205, 128
206, 128
205, 127
215, 138
214, 137
214, 139
196, 151
195, 153
198, 153
197, 154
196, 154
197, 152
195, 152
188, 128
190, 128
189, 130
189, 127
188, 129
190, 129
215, 114
217, 115
215, 116
216, 114
214, 115
216, 116
221, 123
220, 124
221, 124
220, 123
224, 122
225, 123
224, 123
225, 122
221, 142
220, 143
221, 143
220, 142
220, 104
221, 103
220, 103
221, 104
179, 123
181, 123
181, 124
180, 124
180, 122
189, 144
188, 146
191, 146
190, 147
189, 147
190, 145
188, 145
213, 79
214, 78
213, 78
214, 79
215, 51
215, 50
214, 52
213, 52
214, 51
214, 53
215, 53
215, 54
216, 54
216, 55
217, 55
217, 54
217, 56
218, 55
218, 54
219, 54
219, 53
220, 53
220, 52
221, 52
220, 51
219, 51
219, 50
218, 47
216, 46
218, 46
214, 46
214, 45
216, 45
219, 44
221, 45
217, 45
217, 44
217, 47
219, 47
218, 45
214, 44
213, 44
215, 46
213, 43
216, 43
216, 44
214, 41
213, 41
212, 40
220, 44
211, 42
211, 41
204, 29
203, 30
204, 30
203, 29
211, 28
212, 28
211, 30
210, 30
212, 30
211, 31
211, 32
210, 33
209, 35
208, 35
209, 36
210, 36
212, 27
211, 26
212, 26
211, 27
210, 37
211, 36
212, 34
211, 33
212, 33
212, 35
213, 35
211, 34
213, 36
215, 36
214, 37
215, 37
214, 36
202, 47
204, 47
202, 46
203, 48
202, 48
231, 36
233, 36
233, 35
232, 36
235, 35
237, 36
237, 35
236, 37
237, 37
236, 36
232, 39
234, 39
233, 40
232, 40
234, 40
233, 39
233, 41
232, 41
235, 39
237, 38
237, 39
236, 38
226, 43
226, 44
225, 44
226, 46
226, 47
225, 46
224, 45
230, 48
233, 47
234, 47
233, 49
231, 48
230, 50
236, 48
235, 49
236, 49
235, 48
235, 50
236, 50
235, 51
228, 23
228, 22
227, 24
228, 24
228, 21
227, 21
227, 23
231, 22
231, 21
230, 22
230, 20
229, 18
228, 17
227, 17
239, 34
239, 33
239, 35
242, 37
241, 37
243, 37
239, 40
239, 39
239, 41
226, 18
226, 19
232, 52
234, 52
233, 53
195, 36
196, 35
195, 35
196, 36
192, 31
192, 30
192, 32
189, 28
188, 28
190, 28
187, 21
189, 21
187, 23
188, 23
189, 22
186, 22
188, 20
189, 11
191, 12
188, 13
190, 14
190, 11
188, 12
191, 13
189, 14
185, 11
184, 10
185, 10
184, 11
260, 37
258, 36
260, 35
259, 37
261, 36
259, 35
236, 192
237, 191
236, 191
237, 192
220, 193
221, 192
220, 192
220, 194
221, 191
220, 191
224, 195
225, 194
223, 196
221, 196
220, 195
220, 196
225, 191
226, 191
226, 193
228, 192
225, 192
219, 191
220, 190
219, 190
220, 189
219, 189
219, 187
220, 187
228, 194
230, 189
230, 188
231, 192
229, 188
229, 187
229, 189
231, 193
230, 194
229, 195
230, 195
229, 197
231, 197
229, 198
227, 199
231, 199
230, 199
228, 201
231, 198
230, 200
229, 200
229, 201
228, 198
227, 200
230, 196
213, 187
214, 186
213, 185
214, 185
213, 186
218, 195
216, 194
218, 194
218, 196
217, 193
215, 195
215, 196
216, 197
217, 197
218, 197
217, 198
218, 198
113, 60
114, 61
113, 61
114, 60
180, 33
181, 34
180, 35
181, 33
179, 34
204, 17
205, 18
204, 18
205, 17
211, 0
210, 1
211, 1
210, 0
143, 79
144, 78
143, 78
144, 79
91, 79
92, 78
91, 78
92, 79
82, 2
83, 1
82, 1
83, 2
84, 11
85, 12
84, 12
85, 11
91, 20
91, 22
91, 21
99, 0
98, 1
99, 1
98, 0
23, 78
22, 79
23, 79
22, 78
279, 122
280, 121
279, 121
280, 122
285, 118
284, 120
286, 118
286, 117
284, 119
287, 118
287, 117
285, 121
287, 120
286, 121
287, 121
286, 120
288, 117
288, 119
289, 117
289, 118
287, 124
286, 124
293, 124
292, 123
292, 125
287, 123
292, 126
287, 125
289, 124
289, 127
288, 127
290, 127
287, 127
285, 126
286, 128
286, 127
282, 109
281, 111
282, 111
283, 111
281, 110
297, 101
296, 100
297, 100
296, 101
274, 117
273, 117
275, 117
97, 76
96, 77
97, 77
96, 76
97, 81
96, 80
97, 80
96, 81
253, 149
252, 148
253, 148
252, 149
277, 154
279, 154
278, 154
274, 165
273, 166
274, 166
273, 165
271, 174
270, 175
271, 175
270, 174
273, 178
274, 179
273, 179
274, 178
265, 181
264, 181
266, 181
268, 184
268, 183
268, 185
242, 149
244, 149
243, 148
243, 150
339, 268
338, 269
339, 269
338, 268
333, 268
334, 269
333, 269
334, 268
291, 279
293, 278
291, 280
293, 280
290, 282
292, 282
294, 278
293, 277
294, 277
295, 278
296, 279
290, 283
292, 284
293, 284
292, 285
293, 285
296, 281
295, 282
296, 283
294, 282
296, 282
298, 277
298, 279
298, 280
299, 282
294, 284
294, 285
300, 276
298, 278
302, 277
303, 279
302, 278
298, 281
300, 281
301, 281
304, 279
303, 280
302, 280
304, 280
303, 281
294, 269
296, 268
295, 270
296, 270
295, 269
305, 262
306, 262
306, 264
304, 264
304, 265
305, 265
301, 261
300, 260
301, 260
300, 261
302, 260
304, 257
303, 259
302, 255
303, 255
300, 257
301, 254
300, 256
299, 256
299, 255
300, 255
298, 257
291, 259
290, 260
291, 260
290, 259
311, 279
313, 279
312, 281
312, 278
311, 280
313, 280
297, 299
296, 300
296, 299
297, 301
298, 300
310, 301
311, 302
310, 302
311, 301
306, 310
307, 311
306, 311
307, 310
311, 315
312, 314
313, 313
312, 315
310, 317
311, 318
314, 314
315, 315
315, 316
313, 317
314, 317
296, 316
294, 318
296, 318
297, 318
298, 319
291, 320
299, 319
297, 320
293, 316
297, 323
292, 320
290, 319
290, 318
300, 320
300, 321
299, 323
291, 317
290, 317
292, 316
300, 322
304, 320
302, 319
305, 318
303, 317
304, 317
302, 318
303, 320
305, 319
287, 324
288, 325
287, 325
288, 324
294, 327
295, 326
294, 326
295, 327
305, 324
307, 325
306, 324
309, 325
309, 324
310, 324
309, 323
310, 325
311, 322
311, 321
312, 324
313, 323
314, 323
313, 322
312, 321
317, 324
316, 324
318, 324
307, 329
306, 331
309, 330
308, 329
306, 332
307, 333
310, 331
308, 330
309, 332
309, 333
306, 330
309, 334
308, 336
308, 335
297, 330
298, 331
297, 331
298, 330
276, 315
277, 314
276, 314
277, 315
293, 335
293, 337
295, 336
294, 337
294, 336
283, 295
285, 296
282, 297
284, 298
284, 295
282, 296
285, 297
283, 298
281, 255
283, 256
281, 257
282, 255
280, 256
282, 257
270, 257
270, 256
269, 258
268, 258
269, 257
271, 257
270, 259
272, 258
272, 259
271, 259
267, 266
267, 267
268, 267
268, 269
268, 268
270, 268
270, 267
271, 266
272, 267
273, 267
272, 266
273, 268
273, 269
271, 270
273, 270
272, 271
271, 271
258, 263
259, 264
258, 264
259, 263
282, 241
281, 243
283, 243
281, 242
283, 242
282, 244
297, 227
296, 228
297, 228
296, 227
268, 230
268, 232
267, 232
270, 232
268, 231
267, 233
270, 231
271, 233
272, 232
273, 232
272, 233
273, 231
271, 229
273, 229
272, 228
271, 228
273, 230
270, 240
272, 240
272, 241
271, 240
271, 242
270, 242
270, 243
269, 242
269, 241
268, 241
258, 236
259, 235
258, 235
259, 236
242, 259
244, 259
243, 259
240, 261
240, 263
240, 262
246, 261
246, 263
246, 262
242, 265
244, 265
243, 265
325, 310
323, 311
325, 311
324, 310
324, 312
321, 320
323, 321
320, 322
322, 323
322, 320
320, 321
323, 322
321, 323
331, 310
330, 310
332, 310
382, 253
381, 253
383, 253
380, 246
380, 248
380, 247
390, 237
391, 239
388, 237
389, 236
388, 236
387, 238
390, 240
386, 235
386, 238
385, 240
385, 239
386, 241
389, 241
388, 242
393, 246
391, 248
393, 248
392, 247
394, 247
392, 249
375, 237
373, 236
374, 237
374, 227
376, 228
377, 227
377, 229
375, 226
375, 228
373, 228
369, 231
370, 230
369, 230
370, 231
369, 233
370, 234
369, 234
370, 233
368, 232
378, 242
377, 243
377, 242
376, 244
375, 243
375, 242
384, 234
385, 235
383, 233
384, 232
385, 234
386, 231
384, 230
388, 233
377, 228
380, 229
381, 228
382, 226
382, 230
383, 228
384, 228
383, 227
384, 227
383, 229
378, 225
380, 224
379, 224
381, 224
377, 226
377, 224
376, 224
377, 225
376, 223
374, 242
374, 241
374, 240
375, 240
378, 222
379, 223
377, 222
377, 221
376, 221
376, 220
375, 221
375, 222
374, 222
374, 223
374, 224
275, 297
277, 298
275, 299
276, 297
274, 298
276, 299
242, 234
244, 234
243, 234
240, 236
240, 238
240, 237
246, 236
246, 238
246, 237
242, 240
244, 240
243, 240
310, 220
309, 221
310, 221
309, 220
315, 208
313, 207
315, 206
314, 205
313, 206
316, 207
314, 208
315, 211
313, 212
315, 213
314, 211
316, 212
314, 213
319, 207
320, 206
319, 206
320, 207
325, 209
327, 209
326, 209
323, 211
323, 213
323, 212
329, 211
329, 213
329, 212
325, 215
327, 215
326, 215
301, 232
300, 232
302, 232
304, 229
304, 228
304, 230
304, 235
304, 234
304, 236
307, 232
306, 232
308, 232
299, 213
300, 214
299, 214
300, 213
295, 217
296, 218
295, 218
296, 217
299, 221
301, 221
301, 222
300, 222
300, 220
304, 204
306, 205
304, 206
305, 207
306, 206
303, 205
305, 204
292, 207
293, 206
292, 205
293, 207
291, 206
297, 208
296, 209
297, 209
296, 208
300, 225
301, 226
300, 226
301, 225
255, 292
253, 293
255, 294
254, 292
256, 293
254, 294
259, 306
259, 308
259, 307
214, 275
216, 275
215, 274
216, 277
215, 277
213, 275
213, 276
214, 278
211, 277
213, 277
212, 273
212, 272
213, 272
211, 273
213, 273
213, 279
212, 279
212, 280
211, 280
210, 279
211, 278
210, 277
209, 277
209, 279
203, 277
205, 277
203, 278
205, 278
204, 277
204, 279
204, 280
205, 280
204, 281
206, 282
203, 282
205, 281
208, 284
203, 285
207, 283
206, 286
205, 286
202, 284
202, 285
204, 286
208, 285
209, 285
209, 288
208, 288
210, 288
209, 289
211, 289
211, 290
210, 291
211, 291
210, 290
214, 285
213, 286
213, 285
211, 294
212, 295
209, 294
208, 294
204, 289
205, 290
204, 290
203, 290
205, 291
202, 290
202, 289
205, 292
205, 293
202, 292
202, 293
209, 296
210, 297
211, 296
201, 290
200, 291
199, 291
201, 293
196, 283
196, 285
196, 284
200, 293
199, 293
210, 263
212, 263
210, 262
211, 261
211, 263
212, 261
212, 260
213, 261
213, 262
214, 262
197, 266
196, 267
196, 266
196, 268
197, 268
195, 269
192, 267
194, 267
192, 266
194, 266
192, 268
194, 269
195, 270
194, 270
191, 268
191, 269
190, 269
190, 270
191, 271
193, 270
193, 269
193, 271
192, 270
192, 271
199, 268
199, 270
199, 269
191, 278
190, 279
191, 279
190, 278
186, 279
187, 280
186, 280
187, 279
196, 277
197, 278
196, 279
197, 277
195, 278
185, 284
187, 284
186, 286
187, 286
188, 285
185, 285
186, 283
191, 288
189, 290
191, 290
190, 289
192, 289
190, 291
223, 285
221, 286
223, 287
222, 288
221, 287
224, 286
222, 285
220, 301
222, 301
221, 301
227, 306
228, 305
226, 305
227, 304
226, 304
226, 306
228, 306
225, 304
226, 303
225, 303
226, 302
225, 302
230, 298
229, 297
228, 297
229, 299
229, 298
231, 298
231, 297
231, 300
231, 301
227, 298
230, 300
232, 301
233, 300
232, 300
233, 299
233, 298
232, 298
233, 312
233, 314
233, 313
229, 317
230, 318
229, 318
230, 317
236, 313
234, 315
237, 314
235, 316
237, 316
236, 317
242, 314
243, 316
243, 313
242, 315
234, 319
241, 319
238, 318
240, 318
238, 319
241, 320
233, 320
235, 320
233, 322
235, 322
232, 321
232, 322
233, 323
234, 323
236, 321
236, 323
237, 323
237, 322
239, 323
240, 322
214, 307
212, 308
214, 309
213, 307
215, 308
213, 309
239, 302
240, 301
239, 301
241, 301
240, 302
239, 304
238, 304
243, 303
243, 304
242, 303
242, 305
241, 305
240, 305
242, 306
240, 306
240, 307
240, 308
242, 308
241, 307
241, 309
242, 309
243, 308
243, 310
247, 306
246, 305
247, 305
246, 307
247, 307
246, 306
244, 309
238, 298
238, 297
238, 299
236, 290
234, 291
236, 292
235, 290
237, 291
235, 292
245, 314
244, 316
245, 316
246, 315
244, 313
228, 324
227, 324
229, 324
228, 322
229, 323
230, 323
229, 322
231, 323
230, 324
233, 324
233, 325
232, 326
231, 326
233, 326
228, 327
227, 327
229, 328
228, 330
227, 330
228, 331
228, 333
230, 330
231, 330
232, 331
231, 333
230, 333
229, 334
222, 318
221, 319
222, 319
221, 318
229, 282
230, 281
229, 281
230, 282
273, 329
274, 330
273, 330
274, 329
261, 337
260, 336
261, 336
260, 337
277, 338
278, 337
277, 337
278, 338
248, 276
248, 275
248, 277
245, 279
244, 279
246, 279
251, 279
250, 279
252, 279
248, 282
248, 281
248, 283
237, 268
236, 267
237, 267
236, 268
230, 253
229, 253
231, 253
236, 253
235, 253
237, 253
233, 256
233, 255
233, 257
230, 246
229, 246
231, 246
233, 243
233, 242
233, 244
236, 246
235, 246
237, 246
227, 265
228, 266
227, 267
228, 265
226, 266
234, 275
233, 277
236, 277
235, 278
234, 278
235, 276
233, 276
193, 295
192, 296
193, 296
192, 295
162, 257
161, 256
162, 256
161, 257
169, 258
170, 259
169, 259
170, 258
174, 262
175, 261
176, 261
173, 263
174, 264
176, 264
175, 265
160, 264
162, 264
161, 265
160, 265
162, 265
163, 264
163, 266
163, 265
161, 267
161, 268
161, 264
160, 268
160, 267
160, 269
166, 267
164, 269
168, 266
167, 265
167, 267
168, 267
169, 268
170, 268
167, 266
169, 267
165, 271
170, 269
167, 270
169, 270
168, 271
167, 271
168, 270
166, 271
167, 272
166, 272
165, 273
164, 273
164, 272
164, 274
172, 272
172, 271
172, 273
152, 257
154, 258
151, 259
152, 260
153, 259
151, 258
153, 257
151, 264
152, 263
151, 262
152, 264
150, 263
159, 275
158, 277
160, 277
158, 276
160, 276
159, 278
147, 243
149, 244
147, 245
148, 243
146, 244
148, 245
145, 265
146, 264
145, 264
146, 265
148, 270
150, 270
149, 270
165, 250
164, 249
165, 249
164, 250
169, 240
170, 241
169, 241
170, 240
154, 222
155, 221
154, 223
157, 222
157, 221
155, 225
155, 224
156, 220
157, 226
159, 224
159, 223
161, 222
161, 221
162, 222
164, 224
165, 225
165, 224
164, 226
167, 226
165, 227
167, 227
167, 228
166, 227
164, 228
163, 229
165, 229
164, 229
164, 230
165, 219
167, 218
165, 220
166, 221
168, 219
168, 220
170, 232
168, 231
169, 233
170, 233
172, 231
171, 233
169, 232
171, 232
171, 229
169, 230
170, 230
169, 229
170, 229
172, 230
157, 228
158, 229
157, 229
158, 228
176, 220
176, 221
178, 221
177, 220
177, 222
149, 231
151, 231
150, 233
151, 233
152, 232
149, 232
150, 230
121, 260
121, 259
121, 261
118, 263
117, 263
119, 263
124, 263
123, 263
125, 263
121, 266
121, 265
121, 267
133, 252
134, 252
133, 254
131, 253
133, 253
130, 253
130, 254
133, 255
135, 253
136, 253
137, 255
130, 256
137, 256
128, 256
127, 256
128, 257
133, 258
129, 258
131, 259
132, 259
134, 259
138, 258
135, 259
136, 260
137, 260
136, 259
138, 260
138, 259
138, 261
139, 261
187, 213
185, 214
187, 215
186, 216
185, 215
188, 214
186, 213
190, 208
190, 210
192, 210
189, 209
191, 209
191, 211
186, 220
187, 219
186, 219
187, 220
190, 220
191, 221
190, 221
191, 220
195, 221
197, 221
197, 222
196, 222
196, 220
191, 228
193, 228
192, 229
193, 229
190, 230
191, 230
195, 229
194, 230
193, 230
195, 230
194, 229
192, 228
190, 229
191, 231
192, 231
192, 232
192, 233
194, 232
194, 233
196, 231
197, 231
196, 232
196, 233
197, 233
199, 229
199, 231
199, 230
204, 219
205, 219
203, 221
205, 221
204, 220
203, 222
204, 222
205, 222
212, 219
210, 220
212, 220
209, 220
209, 222
210, 222
211, 219
211, 221
211, 222
204, 218
206, 217
203, 217
205, 218
203, 214
207, 216
206, 213
205, 213
202, 215
202, 214
204, 213
208, 215
208, 214
213, 220
213, 222
215, 222
214, 221
216, 222
213, 224
214, 224
213, 223
216, 224
215, 225
209, 214
209, 211
208, 211
210, 211
212, 226
212, 227
213, 227
211, 226
213, 226
210, 236
212, 236
210, 237
211, 236
211, 238
212, 238
212, 239
213, 238
213, 237
214, 237
209, 210
211, 209
210, 208
211, 208
211, 210
210, 209
213, 214
213, 213
214, 214
211, 205
212, 204
209, 205
208, 205
205, 207
205, 209
204, 209
205, 206
205, 208
204, 210
203, 209
202, 209
202, 210
202, 207
202, 206
209, 203
210, 202
211, 203
201, 209
200, 208
199, 208
201, 206
199, 206
200, 206
196, 214
196, 216
196, 215
193, 204
192, 203
193, 203
192, 204
221, 212
223, 212
222, 214
223, 214
224, 213
221, 213
222, 211
239, 195
240, 196
239, 197
240, 195
238, 196
238, 200
238, 202
238, 201
234, 200
233, 201
234, 201
233, 200
236, 207
234, 208
236, 209
235, 207
237, 208
235, 209
229, 217
230, 218
229, 218
230, 217
235, 221
233, 222
235, 223
234, 224
233, 223
236, 222
234, 221
227, 232
227, 234
228, 234
228, 233
226, 233
132, 278
133, 277
132, 277
133, 278
129, 280
130, 281
129, 281
130, 280
129, 282
128, 282
133, 286
134, 287
130, 285
132, 285
132, 287
131, 286
134, 286
137, 285
136, 288
137, 289
137, 291
134, 291
125, 285
125, 284
125, 286
126, 283
124, 285
126, 285
128, 283
127, 285
127, 282
129, 284
129, 286
128, 286
129, 285
127, 286
127, 287
136, 292
135, 292
137, 292
137, 293
142, 293
141, 292
140, 292
139, 292
140, 291
141, 293
138, 293
138, 294
139, 295
138, 295
140, 295
139, 294
139, 296
139, 297
138, 298
139, 298
140, 298
139, 300
138, 300
138, 301
139, 302
138, 302
139, 301
148, 280
147, 280
148, 282
146, 281
148, 281
147, 299
146, 298
147, 298
146, 299
125, 292
123, 293
125, 293
124, 292
124, 294
123, 295
122, 294
122, 299
124, 299
123, 299
155, 292
154, 293
155, 293
154, 292
158, 297
158, 296
158, 298
161, 300
160, 300
162, 300
163, 305
161, 306
163, 307
162, 308
161, 307
164, 306
162, 305
160, 314
162, 315
159, 316
161, 317
161, 314
159, 315
162, 316
160, 317
165, 317
166, 318
165, 318
166, 317
111, 290
110, 289
111, 289
110, 290
169, 294
171, 294
170, 295
169, 295
170, 293
146, 311
145, 310
146, 310
145, 311
124, 249
125, 250
124, 250
125, 249
90, 291
92, 292
90, 293
91, 291
89, 292
91, 293
19, 268
20, 267
21, 267
20, 269
22, 269
23, 269
20, 268
22, 268
23, 270
20, 270
18, 270
17, 270
18, 269
18, 271
19, 271
19, 272
20, 272
21, 272
22, 272
26, 272
26, 274
27, 274
25, 274
27, 273
37, 275
36, 274
37, 274
36, 275
137, 250
136, 249
137, 249
136, 250
130, 225
129, 224
130, 224
129, 225
140, 241
142, 242
140, 243
141, 241
139, 242
141, 243
125, 235
127, 236
125, 237
126, 235
124, 236
126, 237
124, 218
124, 217
135, 212
133, 213
135, 214
134, 212
136, 213
134, 214
138, 187
140, 187
139, 187
142, 188
141, 188
141, 190
140, 191
143, 190
143, 189
143, 191
144, 190
138, 191
139, 192
140, 193
139, 193
141, 192
138, 193
147, 191
146, 191
142, 195
145, 194
145, 193
149, 191
147, 194
146, 194
148, 194
143, 196
144, 196
136, 196
137, 195
136, 195
137, 197
136, 197
137, 196
140, 195
139, 196
140, 196
138, 198
139, 195
139, 197
150, 191
151, 192
151, 193
150, 194
151, 194
149, 195
146, 185
145, 184
146, 186
145, 185
148, 186
148, 185
147, 187
148, 187
149, 184
149, 187
143, 205
144, 204
144, 206
146, 204
147, 204
146, 206
146, 205
149, 203
149, 202
148, 204
148, 203
150, 203
150, 205
150, 206
151, 204
149, 205
151, 205
157, 193
156, 194
156, 193
155, 195
156, 196
156, 197
157, 196
158, 195
158, 194
155, 188
156, 188
144, 200
145, 201
144, 201
145, 200
135, 190
136, 189
136, 191
154, 174
152, 175
155, 176
154, 177
153, 176
155, 175
153, 174
160, 199
162, 199
161, 201
161, 198
160, 200
162, 200
130, 185
129, 186
130, 186
129, 185
130, 204
129, 205
130, 205
129, 204
126, 206
125, 205
126, 205
125, 206
113, 217
111, 218
113, 219
112, 217
114, 218
112, 219
116, 215
116, 214
116, 216
119, 349
118, 348
119, 348
118, 349
237, 231
236, 232
237, 232
236, 231
248, 217
248, 216
248, 218
245, 220
244, 220
246, 220
251, 220
250, 220
252, 220
248, 223
248, 222
248, 224
170, 204
169, 205
169, 204
170, 206
171, 205
161, 181
159, 182
162, 183
161, 184
160, 183
162, 182
160, 181
207, 250
206, 249
207, 249
206, 250
302, 250
303, 249
302, 249
303, 250
284, 201
282, 202
285, 203
283, 204
283, 201
285, 202
282, 203
284, 204
275, 200
277, 201
275, 202
276, 200
274, 201
276, 202
323, 188
325, 188
325, 189
324, 189
324, 187
318, 181
318, 183
317, 182
319, 182
322, 176
320, 177
323, 178
321, 179
321, 176
323, 177
320, 178
322, 179
331, 189
330, 189
332, 189
259, 250
258, 249
259, 249
258, 250
255, 205
253, 206
255, 207
254, 205
256, 206
254, 207
269, 150
267, 151
269, 151
268, 150
268, 152
267, 152
259, 191
259, 193
259, 192
333, 258
333, 257
333, 259
340, 256
339, 257
340, 257
339, 256
344, 258
345, 259
344, 259
345, 258
340, 242
339, 243
340, 243
339, 242
333, 240
333, 242
333, 241
344, 241
345, 240
344, 240
345, 241
333, 231
334, 230
333, 230
334, 231
339, 231
338, 230
339, 230
338, 231
338, 249
339, 250
338, 250
339, 249
347, 263
348, 262
347, 262
348, 263
42, 349
41, 348
42, 348
41, 349
347, 236
348, 237
347, 237
348, 236
363, 253
361, 252
363, 252
362, 251
362, 253
363, 246
361, 247
363, 247
362, 246
362, 248
337, 44
336, 46
337, 45
339, 45
337, 48
337, 47
342, 44
341, 43
341, 44
343, 45
342, 46
340, 46
340, 48
330, 50
331, 49
332, 49
329, 52
329, 51
329, 53
330, 54
331, 55
332, 55
333, 49
334, 50
333, 55
335, 51
335, 52
334, 54
335, 53
340, 57
339, 59
341, 59
342, 59
339, 58
341, 58
341, 60
348, 48
348, 50
349, 50
349, 49
347, 49
348, 43
347, 44
348, 44
347, 43
343, 34
344, 33
343, 33
344, 34
327, 250
328, 249
327, 249
328, 250
30, 304
29, 305
30, 305
29, 304
30, 306
28, 306
30, 308
27, 307
29, 307
20, 299
20, 298
20, 300
24, 308
26, 308
24, 309
26, 309
28, 310
30, 309
31, 309
30, 310
31, 310
28, 311
30, 311
31, 311
29, 312
28, 312
28, 313
26, 312
26, 313
26, 314
25, 313
26, 315
26, 316
24, 314
23, 314
23, 315
23, 316
24, 315
26, 317
23, 317
24, 318
25, 318
16, 324
17, 325
16, 325
17, 324
34, 309
35, 308
34, 308
35, 309
36, 300
37, 299
36, 299
37, 300
2, 273
4, 273
2, 272
4, 272
3, 274
3, 273
5, 274
15, 311
16, 310
15, 310
15, 312
16, 311
17, 308
17, 307
16, 309
18, 308
18, 309
19, 309
19, 310
20, 310
19, 311
21, 311
20, 312
19, 312
20, 311
19, 313
13, 323
12, 322
13, 322
14, 322
12, 323
14, 323
103, 210
102, 209
103, 209
102, 210
120, 255
122, 255
121, 255
103, 289
102, 290
103, 290
102, 289
253, 247
254, 248
253, 248
254, 247
253, 252
254, 251
253, 251
254, 252
365, 282
364, 282
366, 282
365, 283
364, 283
366, 278
365, 284
364, 284
367, 278
367, 277
368, 278
367, 285
368, 286
367, 287
368, 287
367, 286
369, 285
370, 285
370, 286
369, 288
371, 285
370, 287
371, 287
373, 285
373, 284
372, 286
373, 286
381, 276
382, 276
383, 275
382, 279
381, 279
383, 280
384, 280
384, 276
385, 276
386, 279
385, 280
377, 281
378, 282
377, 282
378, 281
389, 270
390, 271
389, 271
390, 270
385, 267
384, 269
386, 269
384, 268
386, 268
385, 270
0, 271
1, 272
0, 272
1, 271
0, 263
1, 264
0, 264
1, 263
378, 218
376, 217
379, 216
378, 215
377, 216
379, 217
377, 218
388, 220
386, 221
388, 222
387, 220
389, 221
387, 222
368, 202
370, 202
369, 202
366, 204
366, 206
366, 205
372, 204
372, 206
372, 205
368, 208
370, 208
369, 208
369, 216
371, 217
369, 218
370, 219
371, 218
368, 217
370, 216
358, 201
359, 200
358, 200
359, 201
361, 204
363, 204
361, 203
362, 205
361, 205
2, 331
4, 332
1, 333
2, 334
3, 333
1, 332
3, 331
382, 323
384, 323
383, 322
385, 323
385, 322
383, 326
386, 321
388, 321
386, 323
388, 323
384, 327
386, 325
385, 327
385, 326
387, 325
389, 326
388, 325
388, 327
387, 327
387, 328
389, 329
388, 330
388, 329
387, 331
388, 332
388, 333
389, 331
390, 330
390, 329
392, 326
391, 325
392, 325
391, 326
391, 321
393, 321
392, 320
