47, 66
47, 68
48, 68
48, 67
46, 67
42, 56
44, 56
43, 56
37, 45
36, 46
37, 46
36, 45
53, 54
53, 53
53, 55
50, 57
49, 57
50, 59
50, 58
52, 58
53, 58
56, 57
55, 57
57, 57
53, 60
51, 60
52, 62
51, 64
55, 62
52, 63
52, 65
53, 66
52, 66
51, 65
53, 65
56, 66
55, 67
56, 67
60, 62
61, 64
59, 61
58, 61
60, 63
57, 62
57, 61
57, 63
58, 65
58, 66
57, 66
57, 67
57, 68
59, 68
58, 67
58, 69
62, 66
62, 67
63, 67
60, 68
61, 68
58, 68
62, 68
63, 68
58, 70
59, 70
56, 71
55, 71
58, 71
59, 71
56, 72
55, 72
57, 72
64, 69
64, 68
56, 74
57, 74
56, 75
55, 76
55, 77
57, 77
56, 78
57, 78
40, 77
42, 77
41, 77
38, 79
38, 81
38, 80
44, 79
44, 81
44, 80
40, 83
42, 83
41, 83
53, 80
51, 81
53, 82
52, 80
54, 81
52, 82
58, 46
58, 45
58, 47
63, 44
65, 45
63, 46
64, 44
62, 45
64, 46
83, 107
85, 107
84, 107
83, 112
81, 113
83, 113
82, 112
82, 114
53, 119
54, 120
52, 121
53, 121
54, 119
52, 120
63, 129
64, 130
63, 130
64, 129
72, 145
74, 145
73, 147
73, 144
72, 146
74, 146
68, 149
70, 150
68, 151
69, 149
67, 150
69, 151
78, 149
76, 150
78, 151
77, 149
79, 150
77, 151
73, 153
72, 155
74, 155
72, 154
74, 154
73, 156
71, 125
72, 126
71, 126
72, 125
91, 127
89, 126
89, 128
89, 129
87, 128
89, 130
92, 126
90, 125
92, 125
92, 127
94, 127
93, 126
93, 125
95, 130
94, 131
93, 131
89, 125
87, 127
86, 127
94, 130
94, 132
96, 133
97, 133
96, 132
96, 134
95, 134
92, 135
93, 135
92, 134
88, 123
88, 122
89, 123
87, 122
87, 124
88, 125
86, 125
86, 126
87, 125
85, 126
86, 122
87, 120
86, 119
87, 119
85, 121
87, 121
88, 119
89, 135
89, 136
95, 135
86, 115
87, 117
86, 117
88, 114
88, 118
88, 113
89, 113
89, 117
89, 118
89, 119
90, 119
92, 118
91, 118
91, 115
91, 114
89, 112
90, 113
97, 125
96, 125
100, 129
101, 129
106, 132
105, 133
107, 133
105, 130
107, 130
106, 129
105, 129
107, 131
106, 130
108, 133
108, 132
107, 135
105, 136
107, 136
106, 137
105, 137
106, 136
105, 128
107, 128
108, 130
109, 129
108, 131
109, 132
110, 128
112, 130
111, 129
111, 131
107, 125
108, 126
107, 126
108, 125
106, 126
107, 127
106, 127
110, 141
112, 141
111, 141
109, 142
114, 139
114, 142
115, 142
115, 141
105, 102
106, 101
105, 101
106, 102
108, 116
109, 117
108, 117
109, 116
78, 127
77, 128
78, 128
77, 127
74, 133
75, 134
74, 134
75, 133
117, 132
117, 133
119, 133
116, 132
118, 132
116, 131
116, 133
117, 134
116, 134
118, 136
117, 135
119, 135
119, 134
120, 134
120, 135
122, 135
123, 135
124, 131
123, 131
124, 133
124, 132
122, 134
124, 135
122, 128
122, 127
122, 129
123, 127
123, 129
124, 129
124, 127
123, 126
124, 126
118, 127
118, 129
117, 129
118, 128
126, 129
126, 128
126, 130
126, 131
116, 141
116, 142
110, 145
116, 143
116, 144
117, 144
116, 146
115, 146
117, 146
116, 145
114, 146
110, 146
112, 147
111, 147
114, 129
116, 130
115, 131
115, 130
127, 128
126, 127
125, 126
126, 132
126, 134
127, 131
128, 131
123, 139
123, 138
128, 139
128, 138
129, 132
130, 133
131, 134
131, 135
130, 134
128, 136
129, 136
130, 136
128, 141
121, 139
121, 138
122, 142
123, 142
123, 143
129, 139
129, 138
130, 140
130, 139
131, 139
132, 139
132, 141
133, 141
97, 141
97, 143
97, 142
91, 151
93, 151
93, 152
92, 152
92, 150
137, 139
136, 140
137, 140
136, 139
140, 140
141, 141
140, 141
141, 140
135, 144
133, 145
135, 146
134, 144
136, 145
134, 146
135, 151
135, 150
135, 152
136, 149
134, 151
136, 151
135, 153
137, 149
137, 148
138, 149
138, 150
139, 150
138, 151
139, 151
139, 152
139, 153
136, 154
138, 154
137, 155
130, 148
132, 150
132, 151
131, 152
128, 149
129, 149
128, 151
128, 150
129, 152
131, 149
131, 153
114, 150
116, 150
115, 150
118, 146
118, 148
118, 147
109, 168
111, 170
113, 166
110, 165
111, 165
113, 164
114, 164
107, 170
107, 171
110, 171
108, 172
110, 172
109, 173
110, 173
109, 163
100, 169
101, 170
100, 170
101, 169
114, 161
112, 160
114, 162
115, 162
114, 159
114, 158
110, 161
115, 158
113, 161
115, 161
113, 159
115, 159
111, 161
109, 162
104, 178
105, 178
105, 180
106, 180
105, 179
107, 180
111, 176
111, 177
110, 176
111, 178
110, 178
111, 179
109, 180
109, 181
108, 182
109, 182
114, 179
113, 178
111, 180
110, 181
114, 180
115, 171
114, 173
116, 173
114, 172
116, 172
115, 174
108, 184
110, 184
109, 184
80, 136
79, 137
79, 136
80, 138
81, 138
81, 137
121, 107
122, 108
121, 108
122, 107
119, 110
118, 111
119, 111
118, 110
131, 100
130, 100
132, 100
183, 45
184, 46
185, 46
184, 45
183, 47
134, 108
136, 108
135, 108
143, 145
142, 146
143, 146
142, 145
74, 88
74, 90
74, 89
136, 117
138, 118
136, 119
137, 117
135, 118
137, 119
132, 121
134, 122
132, 123
133, 121
131, 122
133, 123
137, 125
136, 127
138, 127
136, 126
138, 126
137, 128
158, 112
156, 113
158, 114
157, 112
159, 113
157, 114
219, 215
221, 215
221, 216
220, 217
220, 216
55, 93
55, 92
55, 94
81, 19
80, 19
82, 20
81, 21
81, 20
83, 21
82, 22
83, 23
83, 22
81, 23
82, 24
81, 24
80, 24
80, 22
79, 22
78, 22
78, 21
79, 23
60, 99
62, 99
62, 100
61, 100
61, 98
79, 42
80, 43
79, 43
80, 42
80, 44
79, 50
80, 50
82, 45
85, 46
83, 45
84, 47
83, 47
84, 46
83, 43
82, 51
83, 51
82, 50
81, 52
83, 52
85, 44
83, 44
85, 43
88, 48
88, 47
89, 48
89, 49
90, 46
90, 47
80, 52
79, 52
81, 53
80, 55
87, 53
87, 52
91, 44
86, 56
86, 55
88, 52
86, 53
88, 54
88, 55
88, 56
89, 54
91, 55
91, 47
92, 47
91, 49
92, 49
92, 44
93, 43
92, 43
93, 44
79, 55
78, 56
79, 56
78, 55
92, 56
91, 57
92, 57
91, 56
81, 26
81, 27
83, 27
80, 26
82, 26
80, 28
82, 28
83, 29
83, 28
81, 29
79, 28
78, 28
78, 29
79, 27
81, 30
81, 31
82, 30
80, 31
86, 26
88, 26
87, 27
85, 28
86, 28
87, 26
88, 28
89, 28
90, 28
85, 27
85, 29
87, 29
87, 30
87, 31
89, 27
90, 29
86, 30
88, 31
54, 20
54, 19
54, 21
88, 22
90, 22
90, 21
89, 23
89, 22
88, 24
86, 24
87, 23
86, 22
87, 24
85, 23
85, 21
85, 22
87, 21
87, 20
87, 19
88, 19
86, 20
83, 87
82, 88
83, 88
82, 87
30, 30
30, 29
30, 31
50, 38
50, 39
52, 39
51, 38
52, 41
53, 41
52, 40
65, 34
65, 36
65, 35
39, 13
38, 12
39, 12
38, 13
45, 26
45, 25
45, 27
